19 0.03125 0.81689453125 0.017578125 0.021484375
19 0.44140625 0.21142578125 0.013671875 0.013671875
19 0.474609375 0.5087890625 0.017578125 0.015625
19 0.48583984375 0.59375 0.009765625 0.021484375
19 0.935546875 0.287109375 0.013671875 0.017578125
12 0.953125 0.427734375 0.03125 0.056640625
23 0.24462890625 0.56494140625 0.025390625 0.017578125
12 0.1513671875 0.87548828125 0.033203125 0.068359375
2 0.3447265625 0.58740234375 0.0166015625 0.021484375
2 0.5361328125 0.138671875 0.0146484375 0.021484375
2 0.69140625 0.982421875 0.01171875 0.025390625
2 0.96875 0.21435546875 0.0087890625 0.015625
2 0.95361328125 0.0732421875 0.0087890625 0.0234375
2 0.88623046875 0.46826171875 0.0166015625 0.02734375