5 0.69482421875 0.6826171875 0.095703125 0.109375
5 0.0771484375 0.8369140625 0.0498046875 0.0673828125
14 0.58251953125 0.46630859375 0.07421875 0.1572265625
18 0.76708984375 0.64208984375 0.111328125 0.111328125
18 0.0439453125 0.82373046875 0.087890625 0.04296875
17 0.740234375 0.66015625 0.0703125 0.103515625
17 0.04052734375 0.84130859375 0.0400390625 0.0693359375
4 0.44921875 0.4765625 0.2060546875 0.3076171875
4 0.2958984375 0.89501953125 0.21875 0.208984375
10 0.42578125 0.625 0.041015625 0.044921875
23 0.68896484375 0.84326171875 0.04296875 0.0830078125
2 0.2685546875 0.724609375 0.0078125 0.033203125