16 0.17041015625 0.94921875 0.021484375 0.048828125
10 0.548828125 0.83935546875 0.111328125 0.09375
13 0.47900390625 0.89111328125 0.0390625 0.037109375
16 0.6142578125 0.76220703125 0.080078125 0.0888671875
16 0.6201171875 0.6708984375 0.126953125 0.1689453125
16 0.6630859375 0.56591796875 0.1357421875 0.091796875
16 0.84765625 0.63818359375 0.1875 0.1689453125
23 0.14892578125 0.263671875 0.0537109375 0.0732421875
13 0.4638671875 0.4306640625 0.03125 0.03515625
13 0.5634765625 0.3623046875 0.013671875 0.015625
13 0.533203125 0.29833984375 0.017578125 0.013671875
23 0.5263671875 0.232421875 0.021484375 0.013671875
13 0.5625 0.12158203125 0.03515625 0.04296875
18 0.19384765625 0.44970703125 0.0234375 0.013671875
17 0.20263671875 0.44140625 0.0185546875 0.01171875
23 0.5361328125 0.78515625 0.02734375 0.03515625
16 0.63037109375 0.8974609375 0.06640625 0.044921875
16 0.6787109375 0.78271484375 0.03125 0.04296875
16 0.96875 0.3154296875 0.0595703125 0.08203125
16 0.6767578125 0.10107421875 0.048828125 0.060546875
22 0.4658203125 0.35107421875 0.0419921875 0.037109375
22 0.3994140625 0.3154296875 0.029296875 0.037109375
22 0.51513671875 0.30029296875 0.0390625 0.025390625
23 0.421875 0.65478515625 0.0234375 0.0185546875
16 0.56494140625 0.59423828125 0.072265625 0.041015625
16 0.5732421875 0.6455078125 0.03515625 0.037109375
16 0.58984375 0.5810546875 0.0439453125 0.033203125
16 0.5849609375 0.61572265625 0.017578125 0.0263671875
13 0.68505859375 0.421875 0.0361328125 0.0380859375
22 0.9140625 0.416015625 0.044921875 0.046875
22 0.52001953125 0.6484375 0.033203125 0.025390625
23 0.5068359375 0.64404296875 0.02734375 0.0185546875
13 0.5419921875 0.375 0.017578125 0.0302734375
18 0.5625 0.13330078125 0.046875 0.0556640625
23 0.7802734375 0.77783203125 0.02734375 0.0244140625
23 0.912109375 0.32177734375 0.01953125 0.0166015625