5 0.3173828125 0.69482421875 0.109375 0.095703125
5 0.1630859375 0.0771484375 0.0673828125 0.0498046875
14 0.53369140625 0.58251953125 0.1572265625 0.07421875
18 0.35791015625 0.76708984375 0.111328125 0.111328125
18 0.17626953125 0.0439453125 0.04296875 0.087890625
17 0.33984375 0.740234375 0.103515625 0.0703125
17 0.15869140625 0.04052734375 0.0693359375 0.0400390625
4 0.5234375 0.44921875 0.3076171875 0.2060546875
4 0.10498046875 0.2958984375 0.208984375 0.21875
10 0.375 0.42578125 0.044921875 0.041015625
23 0.15673828125 0.68896484375 0.0830078125 0.04296875
2 0.275390625 0.2685546875 0.033203125 0.0078125