7 0.07177734375 0.01904296875 0.1435546875 0.0380859375
3 0.677734375 0.45458984375 0.0439453125 0.0205078125
2 0.80322265625 0.478515625 0.0107421875 0.0048828125
12 0.220703125 0.52392578125 0.0126953125 0.005859375
12 0.626953125 0.47314453125 0.0078125 0.005859375
2 0.75390625 0.5419921875 0.0126953125 0.009765625
23 0.92138671875 0.556640625 0.0087890625 0.0078125
10 0.732421875 0.43359375 0.0087890625 0.015625
10 0.4541015625 0.41357421875 0.01953125 0.0205078125
23 0.46826171875 0.42529296875 0.01953125 0.01171875
2 0.2451171875 0.42578125 0.017578125 0.02734375
2 0.1357421875 0.50732421875 0.0107421875 0.005859375
12 0.0576171875 0.43896484375 0.015625 0.0166015625
2 0.6201171875 0.53515625 0.009765625 0.0078125
23 0.81298828125 0.56591796875 0.017578125 0.01171875
23 0.85546875 0.42919921875 0.03515625 0.017578125
23 0.92138671875 0.46435546875 0.01171875 0.0078125
23 0.92041015625 0.50732421875 0.0234375 0.01171875
23 0.68603515625 0.42626953125 0.015625 0.0078125
1 0.52392578125 0.474609375 0.0078125 0.005859375
23 0.48779296875 0.43603515625 0.0107421875 0.0078125