1 0.599609375 0.72119140625 0.3623046875 0.2568359375
1 0.7919921875 0.57568359375 0.056640625 0.04296875
1 0.7666015625 0.6064453125 0.0380859375 0.017578125
1 0.68115234375 0.71240234375 0.0556640625 0.0439453125
1 0.771484375 0.71435546875 0.04296875 0.0107421875
1 0.71484375 0.71240234375 0.02734375 0.025390625
1 0.66845703125 0.93017578125 0.0576171875 0.044921875
1 0.63232421875 0.90771484375 0.029296875 0.0361328125
1 0.66015625 0.90625 0.0234375 0.0224609375
1 0.26025390625 0.697265625 0.0625 0.07421875
1 0.23291015625 0.69189453125 0.0263671875 0.056640625
1 0.2353515625 0.6435546875 0.0283203125 0.0390625
1 0.240234375 0.65380859375 0.01171875 0.0205078125
1 0.26171875 0.64306640625 0.0302734375 0.03515625
1 0.26806640625 0.63232421875 0.033203125 0.041015625
1 0.31103515625 0.60595703125 0.06640625 0.0791015625
1 0.31298828125 0.66064453125 0.060546875 0.029296875
1 0.33251953125 0.68212890625 0.02734375 0.025390625
1 0.30517578125 0.6796875 0.0234375 0.0126953125
1 0.373046875 0.64794921875 0.056640625 0.08203125
1 0.3603515625 0.56640625 0.025390625 0.0234375
1 0.36962890625 0.59765625 0.0185546875 0.03125
1 0.3896484375 0.5859375 0.017578125 0.02734375
1 0.38916015625 0.57373046875 0.021484375 0.017578125
1 0.408203125 0.6708984375 0.01953125 0.033203125
1 0.80322265625 0.40087890625 0.0703125 0.044921875