18 0.3837890625 0.82080078125 0.0078125 0.017578125
2 0.4189453125 0.75244140625 0.064453125 0.0439453125
2 0.0947265625 0.4208984375 0.01171875 0.0341796875
2 0.14404296875 0.38916015625 0.01953125 0.017578125
2 0.23193359375 0.4345703125 0.009765625 0.015625
16 0.2373046875 0.3583984375 0.025390625 0.009765625
23 0.13671875 0.419921875 0.0712890625 0.064453125
2 0.1748046875 0.0986328125 0.029296875 0.013671875
2 0.3173828125 0.44140625 0.015625 0.005859375
2 0.2646484375 0.763671875 0.015625 0.015625
2 0.00634765625 0.06689453125 0.01171875 0.015625