5 0.30517578125 0.6826171875 0.095703125 0.109375
5 0.9228515625 0.8369140625 0.0498046875 0.0673828125
14 0.41748046875 0.46630859375 0.07421875 0.1572265625
18 0.23291015625 0.64208984375 0.111328125 0.111328125
18 0.95556640625 0.82373046875 0.0869140625 0.0439453125
17 0.259765625 0.66015625 0.0703125 0.103515625
17 0.95947265625 0.84130859375 0.0400390625 0.0693359375
4 0.55078125 0.4765625 0.2060546875 0.3076171875
4 0.7041015625 0.89501953125 0.21875 0.208984375
10 0.57421875 0.625 0.041015625 0.044921875
23 0.31103515625 0.84326171875 0.04296875 0.0830078125
2 0.7314453125 0.724609375 0.0078125 0.033203125