12 0.7431640625 0.23779296875 0.01953125 0.0244140625
2 0.09716796875 0.1474609375 0.021484375 0.05078125
2 0.02978515625 0.50341796875 0.009765625 0.13671875
2 0.2314453125 0.904296875 0.029296875 0.05078125
12 0.73681640625 0.93603515625 0.0224609375 0.0625
12 0.62890625 0.6943359375 0.005859375 0.01171875
12 0.4638671875 0.712890625 0.005859375 0.01171875
12 0.4287109375 0.6328125 0.021484375 0.029296875
12 0.34619140625 0.63720703125 0.005859375 0.009765625
12 0.26953125 0.9326171875 0.0087890625 0.013671875
12 0.13427734375 0.8134765625 0.0234375 0.0517578125
12 0.7265625 0.29638671875 0.01171875 0.009765625
23 0.404296875 0.552734375 0.0625 0.06640625
2 0.10205078125 0.55322265625 0.015625 0.046875
2 0.18212890625 0.83935546875 0.0390625 0.033203125
2 0.234375 0.95751953125 0.025390625 0.0205078125
12 0.69775390625 0.57666015625 0.0078125 0.009765625