16 0.24951171875 0.56884765625 0.06640625 0.02734375
2 0.412109375 0.5888671875 0.0283203125 0.00390625
2 0.42529296875 0.63232421875 0.0166015625 0.01171875
2 0.25244140625 0.59716796875 0.0126953125 0.0087890625
2 0.5869140625 0.66796875 0.037109375 0.01953125
2 0.56689453125 0.68603515625 0.01953125 0.013671875
2 0.61474609375 0.6728515625 0.0341796875 0.005859375
2 0.6748046875 0.802734375 0.01953125 0.0146484375
2 0.763671875 0.81201171875 0.0166015625 0.01171875
2 0.69091796875 0.57763671875 0.033203125 0.0068359375
2 0.1171875 0.548828125 0.0302734375 0.009765625