3 0.30712890625 0.32421875 0.056640625 0.07421875
15 0.330078125 0.35546875 0.009765625 0.01171875
16 0.2109375 0.23095703125 0.0361328125 0.05859375
13 0.2646484375 0.412109375 0.029296875 0.072265625
13 0.658203125 0.533203125 0.08984375 0.119140625
13 0.78564453125 0.7265625 0.0546875 0.064453125
16 0.474609375 0.6083984375 0.0419921875 0.0478515625
23 0.1474609375 0.2900390625 0.0087890625 0.013671875
23 0.0166015625 0.09228515625 0.0224609375 0.02734375
23 0.0068359375 0.08447265625 0.013671875 0.0322265625
23 0.24560546875 0.5419921875 0.025390625 0.029296875
16 0.72705078125 0.494140625 0.0673828125 0.0595703125