3 0.30126953125 0.4677734375 0.125 0.2060546875
15 0.25439453125 0.55615234375 0.03125 0.029296875
2 0.23486328125 0.49267578125 0.0244140625 0.0234375
2 0.2294921875 0.4716796875 0.017578125 0.01171875
6 0.8232421875 0.4736328125 0.0703125 0.111328125
19 0.84619140625 0.43994140625 0.0087890625 0.0234375
2 0.95556640625 0.47509765625 0.015625 0.01171875
2 0.98095703125 0.423828125 0.009765625 0.0224609375
2 0.79736328125 0.4111328125 0.01171875 0.0263671875
2 0.82763671875 0.45361328125 0.013671875 0.0322265625
23 0.91943359375 0.41015625 0.013671875 0.0361328125
2 0.8984375 0.40576171875 0.013671875 0.02734375