15 0.517578125 0.50927734375 0.0390625 0.0556640625
7 0.75146484375 0.80224609375 0.2490234375 0.3935546875
0 0.552734375 0.74560546875 0.01953125 0.03125
23 0.4912109375 0.8203125 0.017578125 0.0244140625
3 0.5869140625 0.8427734375 0.08203125 0.24609375
3 0.6357421875 0.96728515625 0.037109375 0.0634765625
15 0.62646484375 0.94677734375 0.01953125 0.0234375
3 0.39404296875 0.9736328125 0.259765625 0.0517578125
9 0.369140625 0.62255859375 0.0126953125 0.017578125
17 0.46044921875 0.91357421875 0.0537109375 0.0810546875
12 0.8447265625 0.96044921875 0.048828125 0.0771484375