3 0.30126953125 0.5322265625 0.125 0.2060546875
15 0.25439453125 0.44384765625 0.03125 0.029296875
2 0.23486328125 0.50732421875 0.0244140625 0.0234375
2 0.2294921875 0.5283203125 0.017578125 0.01171875
6 0.8232421875 0.5263671875 0.0703125 0.111328125
19 0.84619140625 0.56005859375 0.0087890625 0.0234375
2 0.95556640625 0.52490234375 0.015625 0.01171875
2 0.98095703125 0.576171875 0.009765625 0.0224609375
2 0.79736328125 0.5888671875 0.01171875 0.0263671875
2 0.82763671875 0.54638671875 0.013671875 0.0322265625
23 0.91943359375 0.58984375 0.013671875 0.0361328125
2 0.8984375 0.59423828125 0.013671875 0.02734375