14 0.70751953125 0.853515625 0.134765625 0.173828125
17 0.78857421875 0.86962890625 0.1015625 0.18359375
8 0.3408203125 0.46728515625 0.2275390625 0.0986328125
2 0.3037109375 0.3056640625 0.0234375 0.02734375
2 0.41845703125 0.39404296875 0.0126953125 0.0283203125
2 0.1123046875 0.271484375 0.0107421875 0.05078125
2 0.14599609375 0.18798828125 0.01953125 0.0439453125
5 0.5078125 0.3251953125 0.0966796875 0.193359375
17 0.5029296875 0.41796875 0.087890625 0.0791015625
18 0.50146484375 0.40234375 0.068359375 0.2646484375
2 0.48876953125 0.42724609375 0.01171875 0.01953125
2 0.49072265625 0.48046875 0.01171875 0.029296875
2 0.02001953125 0.33203125 0.025390625 0.0244140625
2 0.626953125 0.46240234375 0.017578125 0.0087890625