14 0.5732421875 0.333984375 0.1015625 0.0546875
12 0.40625 0.91259765625 0.072265625 0.05859375
12 0.40478515625 0.94091796875 0.0439453125 0.0244140625
23 0.59130859375 0.7001953125 0.0263671875 0.01953125
2 0.5537109375 0.83935546875 0.0263671875 0.013671875
2 0.62890625 0.7890625 0.013671875 0.01953125
2 0.8642578125 0.6796875 0.0234375 0.0146484375
2 0.9423828125 0.65966796875 0.02734375 0.017578125
2 0.107421875 0.50830078125 0.021484375 0.0166015625
2 0.01416015625 0.48828125 0.021484375 0.009765625
2 0.24853515625 0.357421875 0.0078125 0.017578125