0 0.5048828125 0.68896484375 0.078125 0.048828125
2 0.412109375 0.62255859375 0.029296875 0.00390625
2 0.60888671875 0.68505859375 0.029296875 0.0107421875
2 0.455078125 0.794921875 0.03515625 0.0068359375
16 0.42529296875 0.74169921875 0.1103515625 0.05859375
16 0.453125 0.56298828125 0.0146484375 0.005859375
9 0.36767578125 0.46240234375 0.021484375 0.0078125
2 0.40576171875 0.26318359375 0.01171875 0.00390625
2 0.40673828125 0.89892578125 0.009765625 0.015625
2 0.931640625 0.87255859375 0.021484375 0.01953125
2 0.7724609375 0.95166015625 0.021484375 0.0166015625
2 0.16650390625 0.62744140625 0.02734375 0.005859375
23 0.3291015625 0.38525390625 0.013671875 0.0087890625
2 0.65576171875 0.365234375 0.0146484375 0.0078125
23 0.86962890625 0.80517578125 0.01953125 0.01171875