7 0.01953125 0.927734375 0.0390625 0.142578125
3 0.45458984375 0.322265625 0.0205078125 0.0439453125
2 0.478515625 0.19677734375 0.0048828125 0.0107421875
12 0.52392578125 0.779296875 0.005859375 0.0126953125
12 0.47314453125 0.373046875 0.005859375 0.0078125
2 0.5419921875 0.24609375 0.009765625 0.0126953125
23 0.556640625 0.07861328125 0.0078125 0.0087890625
10 0.43359375 0.267578125 0.015625 0.0087890625
10 0.41357421875 0.5458984375 0.0205078125 0.01953125
23 0.42529296875 0.53173828125 0.01171875 0.01953125
2 0.42578125 0.7548828125 0.02734375 0.017578125
2 0.50732421875 0.8642578125 0.005859375 0.0107421875
12 0.43896484375 0.9423828125 0.0166015625 0.015625
2 0.53515625 0.3798828125 0.0078125 0.009765625
23 0.56591796875 0.18701171875 0.01171875 0.017578125
23 0.42919921875 0.14453125 0.017578125 0.03515625
23 0.46435546875 0.07861328125 0.0078125 0.01171875
23 0.50732421875 0.07958984375 0.01171875 0.0234375
23 0.42626953125 0.31396484375 0.0078125 0.015625
1 0.474609375 0.47607421875 0.005859375 0.0078125
23 0.43603515625 0.51220703125 0.0078125 0.0107421875