6 0.51220703125 0.73291015625 0.123046875 0.046875
6 0.50048828125 0.6904296875 0.13671875 0.046875
6 0.5087890625 0.64892578125 0.14453125 0.048828125
6 0.5341796875 0.6025390625 0.1240234375 0.048828125
6 0.52099609375 0.560546875 0.138671875 0.048828125
6 0.5029296875 0.52001953125 0.130859375 0.04296875
6 0.5029296875 0.478515625 0.1455078125 0.04296875
6 0.52880859375 0.4365234375 0.146484375 0.046875
3 0.529296875 0.3955078125 0.193359375 0.04296875
6 0.556640625 0.32861328125 0.134765625 0.0625
6 0.62158203125 0.47998046875 0.060546875 0.11328125
6 0.6201171875 0.5869140625 0.0546875 0.099609375
6 0.6162109375 0.69677734375 0.060546875 0.11328125
23 0.59765625 0.75390625 0.0361328125 0.0283203125
19 0.55517578125 0.68359375 0.01953125 0.015625
19 0.5732421875 0.6474609375 0.0087890625 0.01171875
19 0.57861328125 0.56884765625 0.0078125 0.013671875
19 0.5537109375 0.52197265625 0.0107421875 0.009765625
19 0.5654296875 0.47802734375 0.005859375 0.0107421875
23 0.33740234375 0.5517578125 0.015625 0.025390625
23 0.34130859375 0.5859375 0.021484375 0.037109375
23 0.3525390625 0.61328125 0.0380859375 0.0234375
23 0.39111328125 0.34912109375 0.03515625 0.0224609375
23 0.90673828125 0.38818359375 0.0234375 0.005859375
15 0.61767578125 0.3935546875 0.015625 0.01953125