3 0.3857421875 0.4912109375 0.04296875 0.173828125
2 0.49609375 0.50830078125 0.005859375 0.0234375
2 0.44482421875 0.57080078125 0.005859375 0.0234375
2 0.59375 0.83154296875 0.005859375 0.021484375
2 0.57861328125 0.63916015625 0.009765625 0.01171875
2 0.36083984375 0.25634765625 0.0048828125 0.03125
2 0.1865234375 0.50634765625 0.01171875 0.021484375
2 0.6337890625 0.9521484375 0.0078125 0.01171875
2 0.798828125 0.95849609375 0.00390625 0.01171875
2 0.76220703125 0.94677734375 0.00390625 0.015625
2 0.7578125 0.78564453125 0.00390625 0.013671875
2 0.748046875 0.79736328125 0.00390625 0.01171875
2 0.69189453125 0.41552734375 0.001953125 0.017578125
2 0.70654296875 0.44384765625 0.0048828125 0.017578125
2 0.71044921875 0.63232421875 0.005859375 0.017578125
2 0.72216796875 0.59423828125 0.0078125 0.0107421875
2 0.712890625 0.484375 0.005859375 0.005859375
2 0.6630859375 0.25146484375 0.0048828125 0.015625
2 0.55224609375 0.0546875 0.0078125 0.013671875
2 0.52978515625 0.1201171875 0.005859375 0.01171875
2 0.3564453125 0.3720703125 0.0078125 0.0185546875
2 0.28125 0.50341796875 0.01171875 0.01953125
23 0.638671875 0.72802734375 0.0048828125 0.01171875
2 0.46533203125 0.22802734375 0.0078125 0.013671875
2 0.57421875 0.04248046875 0.0078125 0.005859375