4 0.263671875 0.2802734375 0.130859375 0.03125
4 0.34716796875 0.353515625 0.060546875 0.2421875
3 0.529296875 0.4375 0.046875 0.029296875
15 0.509765625 0.44775390625 0.0078125 0.005859375
15 0.47607421875 0.2939453125 0.009765625 0.005859375
15 0.498046875 0.24365234375 0.009765625 0.00390625
3 0.49755859375 0.2666015625 0.021484375 0.046875
5 0.52783203125 0.27880859375 0.0263671875 0.02734375
13 0.5322265625 0.2587890625 0.0419921875 0.0146484375
16 0.36083984375 0.10595703125 0.02734375 0.05859375
2 0.64990234375 0.67431640625 0.01953125 0.0078125