6 0.50830078125 0.54833984375 0.0859375 0.08984375
19 0.54248046875 0.51318359375 0.0126953125 0.015625
23 0.50244140625 0.76513671875 0.0634765625 0.02734375
2 0.87060546875 0.08642578125 0.021484375 0.017578125
2 0.35205078125 0.146484375 0.0126953125 0.009765625
2 0.419921875 0.16357421875 0.009765625 0.01171875
2 0.15283203125 0.15087890625 0.0029296875 0.015625
2 0.16796875 0.17333984375 0.009765625 0.005859375
2 0.18798828125 0.15869140625 0.00390625 0.0107421875
2 0.22216796875 0.18505859375 0.009765625 0.0078125
2 0.30419921875 0.12353515625 0.0078125 0.013671875
2 0.216796875 0.265625 0.0068359375 0.01953125
2 0.14501953125 0.2529296875 0.0068359375 0.015625
2 0.12548828125 0.3212890625 0.005859375 0.01171875
2 0.09814453125 0.380859375 0.0029296875 0.017578125
2 0.07958984375 0.33203125 0.0029296875 0.0107421875
2 0.048828125 0.365234375 0.005859375 0.013671875
2 0.08935546875 0.3798828125 0.005859375 0.0146484375
2 0.06396484375 0.36572265625 0.0068359375 0.013671875
2 0.0498046875 0.3798828125 0.0048828125 0.01171875
2 0.14990234375 0.49169921875 0.009765625 0.009765625
2 0.12548828125 0.4736328125 0.0068359375 0.013671875
2 0.10498046875 0.4755859375 0.005859375 0.013671875
2 0.13623046875 0.5458984375 0.0087890625 0.01171875
2 0.1962890625 0.60693359375 0.009765625 0.01171875
2 0.55859375 0.65869140625 0.0185546875 0.017578125
2 0.51123046875 0.78125 0.013671875 0.013671875
2 0.56396484375 0.57763671875 0.01171875 0.01953125
2 0.5244140625 0.69189453125 0.01171875 0.013671875
2 0.576171875 0.69140625 0.0078125 0.01171875
2 0.12548828125 0.572265625 0.0087890625 0.00390625
2 0.13720703125 0.56982421875 0.005859375 0.01171875
2 0.13037109375 0.48974609375 0.0078125 0.0087890625
2 0.2578125 0.03466796875 0.0048828125 0.015625
2 0.4296875 0.15380859375 0.015625 0.013671875
2 0.2041015625 0.1083984375 0.005859375 0.0078125
2 0.26171875 0.197265625 0.00390625 0.0107421875