21 0.37451171875 0.23095703125 0.130859375 0.1376953125
16 0.43310546875 0.1953125 0.052734375 0.064453125
13 0.38818359375 0.75732421875 0.033203125 0.0537109375
13 0.26904296875 0.7099609375 0.03125 0.052734375
16 0.72802734375 0.9765625 0.0263671875 0.044921875
3 0.4375 0.70849609375 0.1513671875 0.08203125
11 0.439453125 0.90478515625 0.0205078125 0.0390625
23 0.43310546875 0.87353515625 0.015625 0.025390625
23 0.23779296875 0.37109375 0.029296875 0.015625
23 0.54541015625 0.201171875 0.0283203125 0.068359375
23 0.8193359375 0.806640625 0.01171875 0.046875
23 0.80029296875 0.46484375 0.015625 0.08984375
23 0.85107421875 0.427734375 0.00390625 0.009765625
23 0.5986328125 0.9013671875 0.009765625 0.01953125
12 0.12841796875 0.26513671875 0.09375 0.017578125
23 0.212890625 0.41748046875 0.025390625 0.0234375
12 0.20556640625 0.61328125 0.044921875 0.064453125
18 0.46044921875 0.2314453125 0.041015625 0.0517578125
14 0.81005859375 0.96142578125 0.021484375 0.037109375
15 0.36669921875 0.71923828125 0.009765625 0.021484375