3 0.80419921875 0.09814453125 0.0517578125 0.0419921875
3 0.51806640625 0.21630859375 0.025390625 0.0283203125
2 0.83935546875 0.34619140625 0.00390625 0.005859375
2 0.7685546875 0.31005859375 0.0078125 0.005859375
2 0.78564453125 0.2998046875 0.0078125 0.00390625
2 0.759765625 0.2978515625 0.0048828125 0.005859375
2 0.7890625 0.27001953125 0.0078125 0.00390625
2 0.787109375 0.24462890625 0.009765625 0.001953125
2 0.73583984375 0.2509765625 0.0078125 0.00390625
2 0.806640625 0.20849609375 0.0068359375 0.00390625
2 0.6689453125 0.27197265625 0.00390625 0.005859375
2 0.65966796875 0.283203125 0.01171875 0.00390625
2 0.5869140625 0.26611328125 0.0078125 0.00390625
2 0.52734375 0.22412109375 0.0029296875 0.005859375
2 0.61572265625 0.19873046875 0.0048828125 0.00390625
2 0.470703125 0.279296875 0.0078125 0.00390625
2 0.46484375 0.2529296875 0.0068359375 0.005859375
2 0.61474609375 0.3291015625 0.0048828125 0.0048828125
2 0.60986328125 0.32763671875 0.005859375 0.005859375
2 0.49609375 0.35791015625 0.005859375 0.001953125
2 0.43212890625 0.45947265625 0.005859375 0.005859375
2 0.1513671875 0.494140625 0.009765625 0.0078125
2 0.126953125 0.74755859375 0.0087890625 0.013671875
2 0.1025390625 0.77001953125 0.0126953125 0.0107421875
2 0.203125 0.7431640625 0.009765625 0.0087890625
2 0.64404296875 0.43359375 0.009765625 0.005859375
2 0.8330078125 0.4013671875 0.009765625 0.009765625
2 0.4296875 0.84814453125 0.009765625 0.015625
2 0.74072265625 0.10302734375 0.0078125 0.00390625
2 0.9521484375 0.10595703125 0.005859375 0.001953125