2 0.12646484375 0.65234375 0.013671875 0.02734375
2 0.166015625 0.67236328125 0.01171875 0.017578125
2 0.234375 0.60595703125 0.0146484375 0.0126953125
2 0.26708984375 0.59765625 0.015625 0.0244140625
2 0.32861328125 0.484375 0.017578125 0.029296875
14 0.39208984375 0.4931640625 0.0517578125 0.1005859375
14 0.38671875 0.45068359375 0.044921875 0.033203125
2 0.44140625 0.525390625 0.01953125 0.01171875
2 0.5888671875 0.39208984375 0.0107421875 0.044921875
2 0.6435546875 0.45751953125 0.0224609375 0.0703125
2 0.7158203125 0.12744140625 0.0302734375 0.041015625
2 0.4384765625 0.7294921875 0.0166015625 0.021484375
2 0.388671875 0.7548828125 0.01171875 0.029296875
23 0.55322265625 0.541015625 0.013671875 0.0419921875
23 0.48974609375 0.5087890625 0.013671875 0.0439453125
14 0.68310546875 0.4169921875 0.080078125 0.138671875
2 0.7431640625 0.29345703125 0.02734375 0.09375
23 0.63916015625 0.3818359375 0.025390625 0.025390625
2 0.9833984375 0.3056640625 0.03125 0.064453125
23 0.91357421875 0.314453125 0.0244140625 0.03515625
23 0.6005859375 0.45751953125 0.015625 0.03515625
23 0.10791015625 0.7158203125 0.00390625 0.0234375
23 0.98974609375 0.3603515625 0.0185546875 0.0517578125