18 0.17919921875 0.6162109375 0.017578125 0.0078125
2 0.24755859375 0.5810546875 0.0439453125 0.064453125
2 0.5791015625 0.9052734375 0.0341796875 0.01171875
2 0.61083984375 0.85595703125 0.017578125 0.01953125
2 0.5654296875 0.76806640625 0.015625 0.009765625
16 0.6416015625 0.7626953125 0.009765625 0.025390625
23 0.580078125 0.86328125 0.064453125 0.0712890625
2 0.9013671875 0.8251953125 0.013671875 0.029296875
2 0.55859375 0.6826171875 0.005859375 0.015625
2 0.236328125 0.7353515625 0.015625 0.015625
2 0.93310546875 0.99365234375 0.015625 0.01171875