5 0.41455078125 0.51220703125 0.0615234375 0.05078125
5 0.5322265625 0.48046875 0.0654296875 0.04296875
6 0.5947265625 0.4853515625 0.03515625 0.029296875
6 0.572265625 0.51123046875 0.0859375 0.02734375
6 0.49755859375 0.49755859375 0.0859375 0.0322265625
6 0.49951171875 0.4794921875 0.076171875 0.02734375
19 0.53369140625 0.51416015625 0.0087890625 0.00390625
12 0.49658203125 0.515625 0.087890625 0.048828125
12 0.56689453125 0.48388671875 0.02734375 0.03515625
23 0.4443359375 0.4794921875 0.0341796875 0.005859375
23 0.86328125 0.79736328125 0.02734375 0.0146484375
23 0.048828125 0.4677734375 0.095703125 0.046875
11 0.27099609375 0.490234375 0.048828125 0.025390625
0 0.25634765625 0.48876953125 0.015625 0.0126953125