16 0.07666015625 0.287109375 0.138671875 0.04296875
15 0.08740234375 0.3427734375 0.06640625 0.05078125
16 0.13525390625 0.3935546875 0.0703125 0.0546875
18 0.12744140625 0.47216796875 0.240234375 0.0146484375
23 0.27099609375 0.279296875 0.078125 0.025390625
2 0.36669921875 0.427734375 0.017578125 0.03515625
13 0.8974609375 0.693359375 0.130859375 0.0703125
18 0.73486328125 0.5283203125 0.22265625 0.1298828125
13 0.76220703125 0.373046875 0.033203125 0.033203125
16 0.89306640625 0.423828125 0.107421875 0.07421875
13 0.6943359375 0.470703125 0.03515625 0.041015625
16 0.767578125 0.5888671875 0.025390625 0.03515625
18 0.78955078125 0.9833984375 0.0078125 0.029296875
18 0.71728515625 0.9853515625 0.076171875 0.02734375
23 0.09521484375 0.9521484375 0.064453125 0.02734375
18 0.4189453125 0.42138671875 0.185546875 0.0654296875
16 0.34326171875 0.31396484375 0.048828125 0.02734375
2 0.32568359375 0.6376953125 0.03125 0.013671875
2 0.36962890625 0.6328125 0.017578125 0.0302734375
2 0.11767578125 0.765625 0.029296875 0.025390625
2 0.8330078125 0.84765625 0.0234375 0.025390625
2 0.45361328125 0.6318359375 0.02734375 0.02734375
2 0.68896484375 0.4248046875 0.015625 0.01953125
2 0.77685546875 0.4091796875 0.037109375 0.017578125