16 0.712890625 0.07666015625 0.0439453125 0.138671875
15 0.6572265625 0.08740234375 0.05078125 0.06640625
16 0.6064453125 0.13525390625 0.0546875 0.0703125
18 0.52783203125 0.12744140625 0.0146484375 0.240234375
23 0.720703125 0.27099609375 0.025390625 0.078125
2 0.572265625 0.36669921875 0.03515625 0.017578125
13 0.306640625 0.8974609375 0.0703125 0.130859375
18 0.4716796875 0.73486328125 0.1298828125 0.22265625
13 0.626953125 0.76220703125 0.033203125 0.033203125
16 0.576171875 0.89306640625 0.07421875 0.107421875
13 0.529296875 0.6943359375 0.041015625 0.03515625
16 0.4111328125 0.767578125 0.03515625 0.025390625
18 0.0166015625 0.78955078125 0.029296875 0.0078125
18 0.0146484375 0.71728515625 0.02734375 0.076171875
23 0.0478515625 0.09521484375 0.02734375 0.064453125
18 0.57861328125 0.4189453125 0.0654296875 0.185546875
16 0.68603515625 0.34326171875 0.02734375 0.048828125
2 0.3623046875 0.32568359375 0.013671875 0.03125
2 0.3671875 0.36962890625 0.0302734375 0.017578125
2 0.234375 0.11767578125 0.025390625 0.029296875
2 0.15234375 0.8330078125 0.025390625 0.0234375
2 0.3681640625 0.45361328125 0.02734375 0.02734375
2 0.5751953125 0.68896484375 0.01953125 0.015625
2 0.5908203125 0.77685546875 0.017578125 0.037109375