21 0.23095703125 0.62548828125 0.1376953125 0.130859375
16 0.1953125 0.56689453125 0.064453125 0.052734375
13 0.75732421875 0.61181640625 0.0537109375 0.033203125
13 0.7099609375 0.73095703125 0.052734375 0.03125
16 0.9765625 0.27197265625 0.044921875 0.0263671875
3 0.70849609375 0.5625 0.08203125 0.1513671875
11 0.90478515625 0.560546875 0.0390625 0.0205078125
23 0.87353515625 0.56689453125 0.025390625 0.015625
23 0.37109375 0.76220703125 0.015625 0.029296875
23 0.201171875 0.45458984375 0.068359375 0.0283203125
23 0.806640625 0.1806640625 0.046875 0.01171875
23 0.46484375 0.19970703125 0.08984375 0.015625
23 0.427734375 0.14892578125 0.009765625 0.00390625
23 0.9013671875 0.4013671875 0.01953125 0.009765625
12 0.26513671875 0.87158203125 0.017578125 0.09375
23 0.41748046875 0.787109375 0.0234375 0.025390625
12 0.61328125 0.79443359375 0.064453125 0.044921875
18 0.2314453125 0.53955078125 0.0517578125 0.041015625
14 0.96142578125 0.18994140625 0.037109375 0.021484375
15 0.71923828125 0.63330078125 0.021484375 0.009765625