18 0.45947265625 0.2392578125 0.1318359375 0.0302734375
18 0.53125 0.12060546875 0.125 0.0078125
18 0.60107421875 0.1298828125 0.0546875 0.146484375
18 0.26220703125 0.54541015625 0.046875 0.166015625
18 0.62060546875 0.3837890625 0.068359375 0.125
18 0.8349609375 0.27587890625 0.0703125 0.111328125
18 0.5693359375 0.76708984375 0.1171875 0.03125
18 0.5712890625 0.57275390625 0.072265625 0.099609375
18 0.78857421875 0.27197265625 0.0087890625 0.060546875
18 0.8212890625 0.50390625 0.05859375 0.046875
18 0.90185546875 0.6455078125 0.095703125 0.033203125
18 0.6005859375 0.52490234375 0.078125 0.0234375
18 0.64306640625 0.79833984375 0.0068359375 0.0625
18 0.64306640625 0.6650390625 0.0078125 0.017578125
18 0.68603515625 0.8369140625 0.095703125 0.08203125
18 0.6025390625 0.8388671875 0.0390625 0.060546875
18 0.94677734375 0.63916015625 0.08203125 0.0556640625
18 0.87158203125 0.58447265625 0.04296875 0.0078125
18 0.92822265625 0.64794921875 0.091796875 0.013671875
18 0.86474609375 0.65478515625 0.015625 0.005859375
18 0.5966796875 0.57763671875 0.015625 0.029296875
18 0.8076171875 0.29443359375 0.0126953125 0.0205078125
18 0.65625 0.43896484375 0.060546875 0.00390625
18 0.86669921875 0.76806640625 0.0126953125 0.017578125
16 0.78466796875 0.23876953125 0.044921875 0.083984375
16 0.7587890625 0.4658203125 0.068359375 0.087890625
16 0.76953125 0.29541015625 0.017578125 0.01953125
16 0.64404296875 0.31982421875 0.03125 0.0947265625
13 0.845703125 0.98095703125 0.0361328125 0.037109375
23 0.8095703125 0.97705078125 0.015625 0.013671875
16 0.65966796875 0.5166015625 0.078125 0.0283203125
16 0.783203125 0.41455078125 0.05859375 0.06640625
16 0.87548828125 0.74365234375 0.046875 0.0166015625
2 0.3134765625 0.40576171875 0.01953125 0.0205078125
12 0.2587890625 0.6083984375 0.01953125 0.01171875
23 0.21923828125 0.474609375 0.099609375 0.0625