4 0.5595703125 0.388671875 0.4755859375 0.375
6 0.43896484375 0.2412109375 0.052734375 0.0615234375
6 0.36181640625 0.24609375 0.10546875 0.046875
6 0.3701171875 0.29150390625 0.10546875 0.044921875
6 0.36669921875 0.31787109375 0.0888671875 0.0625
6 0.279296875 0.23828125 0.0634765625 0.083984375
6 0.203125 0.21533203125 0.0947265625 0.0546875
6 0.1884765625 0.2763671875 0.115234375 0.064453125
6 0.171875 0.353515625 0.109375 0.078125
6 0.26806640625 0.3212890625 0.0908203125 0.0810546875
6 0.30029296875 0.3681640625 0.087890625 0.083984375
6 0.39892578125 0.4833984375 0.115234375 0.08203125
6 0.22216796875 0.51416015625 0.123046875 0.060546875
6 0.59716796875 0.6015625 0.125 0.068359375
6 0.654296875 0.66162109375 0.111328125 0.09765625
6 0.5234375 0.8759765625 0.1396484375 0.0693359375
19 0.68359375 0.69921875 0.021484375 0.0146484375
19 0.4375 0.50634765625 0.009765625 0.009765625
19 0.23583984375 0.29150390625 0.0126953125 0.0107421875
19 0.53564453125 0.62060546875 0.0078125 0.009765625