6 0.49267578125 0.4951171875 0.1015625 0.0234375
19 0.4580078125 0.49609375 0.021484375 0.0078125
2 0.62451171875 0.470703125 0.03515625 0.0078125
2 0.48828125 0.486328125 0.0234375 0.0078125
2 0.5009765625 0.48681640625 0.015625 0.0068359375
2 0.5263671875 0.4833984375 0.017578125 0.0029296875
2 0.37109375 0.53662109375 0.0224609375 0.0078125
2 0.3857421875 0.50830078125 0.0107421875 0.009765625
10 0.3701171875 0.51513671875 0.037109375 0.013671875
10 0.2841796875 0.5126953125 0.037109375 0.0126953125
2 0.25537109375 0.55322265625 0.013671875 0.01171875
2 0.29833984375 0.548828125 0.0205078125 0.0107421875
2 0.1396484375 0.61279296875 0.0205078125 0.01171875
2 0.06494140625 0.64208984375 0.013671875 0.0107421875
2 0.17431640625 0.5654296875 0.03125 0.0078125
16 0.1103515625 0.599609375 0.14453125 0.0869140625