16 0.68994140625 0.85302734375 0.13671875 0.140625
16 0.5556640625 0.619140625 0.076171875 0.0859375
16 0.59033203125 0.455078125 0.064453125 0.072265625
16 0.32958984375 0.2607421875 0.0693359375 0.052734375
16 0.27294921875 0.20166015625 0.080078125 0.068359375
16 0.03564453125 0.89306640625 0.06640625 0.13671875
16 0.72021484375 0.36767578125 0.0361328125 0.048828125
16 0.4306640625 0.26171875 0.05078125 0.05078125
17 0.9462890625 0.40478515625 0.03125 0.025390625
12 0.97216796875 0.3515625 0.0126953125 0.013671875
16 0.70166015625 0.224609375 0.05078125 0.048828125
16 0.2119140625 0.341796875 0.0625 0.0234375