13 0.83251953125 0.95703125 0.013671875 0.0322265625
13 0.8154296875 0.9326171875 0.021484375 0.0615234375
13 0.78173828125 0.8564453125 0.029296875 0.0400390625
16 0.7587890625 0.82373046875 0.060546875 0.068359375
13 0.60791015625 0.67138671875 0.033203125 0.0498046875
13 0.53759765625 0.650390625 0.0654296875 0.0654296875
13 0.5654296875 0.603515625 0.0546875 0.111328125
13 0.56103515625 0.66552734375 0.03515625 0.07421875
13 0.525390625 0.47265625 0.0673828125 0.095703125
13 0.59912109375 0.44677734375 0.044921875 0.087890625
16 0.63916015625 0.439453125 0.060546875 0.0703125
16 0.5966796875 0.3359375 0.103515625 0.1552734375
16 0.3818359375 0.234375 0.087890625 0.123046875
16 0.44189453125 0.2353515625 0.048828125 0.08203125
16 0.3271484375 0.3115234375 0.0703125 0.0751953125
16 0.30078125 0.529296875 0.091796875 0.13671875
16 0.39794921875 0.5263671875 0.16015625 0.189453125
16 0.501953125 0.5615234375 0.0625 0.046875
16 0.4658203125 0.6318359375 0.0517578125 0.05859375
23 0.54443359375 0.52685546875 0.03515625 0.044921875
13 0.2158203125 0.541015625 0.060546875 0.119140625
13 0.384765625 0.4365234375 0.06640625 0.0732421875
13 0.39501953125 0.484375 0.0771484375 0.0810546875
13 0.40625 0.35546875 0.060546875 0.115234375
13 0.30078125 0.177734375 0.0576171875 0.064453125
16 0.21630859375 0.25048828125 0.037109375 0.068359375
13 0.193359375 0.28857421875 0.060546875 0.0654296875
13 0.24853515625 0.42822265625 0.099609375 0.15625
13 0.52099609375 0.2685546875 0.029296875 0.083984375
13 0.67333984375 0.2548828125 0.0224609375 0.048828125
13 0.07763671875 0.17333984375 0.029296875 0.0380859375
13 0.37744140625 0.5185546875 0.046875 0.04296875
13 0.4677734375 0.36474609375 0.0224609375 0.029296875
13 0.4365234375 0.3271484375 0.02734375 0.02734375
13 0.40576171875 0.29638671875 0.02734375 0.0283203125