3 0.5322265625 0.69873046875 0.2060546875 0.125
15 0.44384765625 0.74560546875 0.029296875 0.03125
2 0.50732421875 0.76513671875 0.0234375 0.0244140625
2 0.5283203125 0.7705078125 0.01171875 0.017578125
6 0.5263671875 0.1767578125 0.111328125 0.0703125
19 0.56005859375 0.15380859375 0.0234375 0.0087890625
2 0.52490234375 0.04443359375 0.01171875 0.015625
2 0.576171875 0.01904296875 0.0224609375 0.009765625
2 0.5888671875 0.20263671875 0.0263671875 0.01171875
2 0.54638671875 0.17236328125 0.0322265625 0.013671875
23 0.58984375 0.08056640625 0.0361328125 0.013671875
2 0.59423828125 0.1015625 0.02734375 0.013671875