14 0.52490234375 0.50732421875 0.091796875 0.0732421875
23 0.56884765625 0.41650390625 0.04296875 0.056640625
2 0.5400390625 0.40673828125 0.0166015625 0.01171875
2 0.52099609375 0.416015625 0.017578125 0.015625
2 0.5185546875 0.43603515625 0.01171875 0.0244140625
2 0.4921875 0.43603515625 0.017578125 0.005859375
2 0.5087890625 0.458984375 0.009765625 0.013671875
2 0.4716796875 0.4560546875 0.017578125 0.015625
2 0.49658203125 0.4658203125 0.009765625 0.009765625
2 0.49560546875 0.46435546875 0.0078125 0.015625
2 0.4892578125 0.4619140625 0.0078125 0.021484375
2 0.49072265625 0.44580078125 0.0234375 0.005859375
2 0.5537109375 0.40869140625 0.0078125 0.0146484375
2 0.556640625 0.41552734375 0.009765625 0.015625
2 0.55419921875 0.43896484375 0.00390625 0.01171875
2 0.60546875 0.173828125 0.0078125 0.005859375
2 0.06689453125 0.572265625 0.01171875 0.005859375