4 0.7197265625 0.263671875 0.03125 0.130859375
4 0.646484375 0.34716796875 0.2421875 0.060546875
3 0.5625 0.529296875 0.029296875 0.046875
15 0.55224609375 0.509765625 0.005859375 0.0078125
15 0.7060546875 0.47607421875 0.005859375 0.009765625
15 0.75634765625 0.498046875 0.00390625 0.009765625
3 0.7333984375 0.49755859375 0.046875 0.021484375
5 0.72119140625 0.52783203125 0.02734375 0.0263671875
13 0.7412109375 0.5322265625 0.0146484375 0.0419921875
16 0.89404296875 0.36083984375 0.05859375 0.02734375
2 0.32568359375 0.64990234375 0.0078125 0.01953125