7 0.90869140625 0.298828125 0.181640625 0.4580078125
7 0.8447265625 0.24169921875 0.18359375 0.3017578125
7 0.6123046875 0.41845703125 0.4453125 0.69140625
7 0.7431640625 0.1181640625 0.19140625 0.236328125
21 0.31298828125 0.12109375 0.4130859375 0.2421875
16 0.673828125 0.7626953125 0.02734375 0.0517578125
21 0.48681640625 0.77490234375 0.109375 0.2158203125
11 0.3974609375 0.208984375 0.3203125 0.4140625
11 0.40576171875 0.9365234375 0.08203125 0.0927734375
11 0.62109375 0.93994140625 0.0361328125 0.072265625
11 0.345703125 0.447265625 0.056640625 0.1337890625
19 0.72607421875 0.75634765625 0.005859375 0.013671875
18 0.494140625 0.8876953125 0.029296875 0.013671875
18 0.376953125 0.4013671875 0.017578125 0.009765625
3 0.3779296875 0.53466796875 0.134765625 0.05859375
15 0.31787109375 0.54150390625 0.015625 0.0263671875