15 0.517578125 0.49072265625 0.0390625 0.0556640625
7 0.7509765625 0.197265625 0.2490234375 0.39453125
0 0.552734375 0.25439453125 0.01953125 0.03125
23 0.4912109375 0.1796875 0.017578125 0.0244140625
3 0.5869140625 0.1572265625 0.08203125 0.24609375
3 0.63623046875 0.0322265625 0.0361328125 0.064453125
15 0.62646484375 0.05322265625 0.0205078125 0.0234375
3 0.39404296875 0.0263671875 0.259765625 0.05078125
9 0.369140625 0.37744140625 0.0126953125 0.017578125
17 0.46044921875 0.08642578125 0.0537109375 0.0810546875
12 0.8447265625 0.0390625 0.0478515625 0.078125