3 0.5087890625 0.6142578125 0.173828125 0.04296875
2 0.49169921875 0.50390625 0.0234375 0.005859375
2 0.42919921875 0.55517578125 0.0234375 0.005859375
2 0.16845703125 0.40625 0.021484375 0.005859375
2 0.36083984375 0.42138671875 0.01171875 0.009765625
2 0.74365234375 0.63916015625 0.03125 0.0048828125
2 0.49365234375 0.8134765625 0.021484375 0.01171875
2 0.0478515625 0.3662109375 0.01171875 0.0078125
2 0.04150390625 0.201171875 0.01171875 0.00390625
2 0.05322265625 0.23779296875 0.015625 0.00390625
2 0.21435546875 0.2421875 0.013671875 0.00390625
2 0.20263671875 0.251953125 0.01171875 0.00390625
2 0.58447265625 0.30810546875 0.017578125 0.001953125
2 0.55615234375 0.29345703125 0.017578125 0.0048828125
2 0.36767578125 0.28955078125 0.017578125 0.005859375
2 0.40576171875 0.27783203125 0.0107421875 0.0078125
2 0.515625 0.287109375 0.005859375 0.005859375
2 0.74853515625 0.3369140625 0.015625 0.0048828125
2 0.9453125 0.44775390625 0.013671875 0.0078125
2 0.8798828125 0.47021484375 0.01171875 0.005859375
2 0.6279296875 0.6435546875 0.0185546875 0.0078125
2 0.49658203125 0.71875 0.01953125 0.01171875
23 0.27197265625 0.361328125 0.01171875 0.0048828125
2 0.77197265625 0.53466796875 0.013671875 0.0078125
2 0.95751953125 0.42578125 0.005859375 0.0078125