5 0.7431640625 0.18017578125 0.017578125 0.025390625
5 0.556640625 0.73095703125 0.01953125 0.02734375
16 0.04052734375 0.53564453125 0.080078125 0.1025390625
10 0.013671875 0.48486328125 0.02734375 0.0625
2 0.16748046875 0.654296875 0.00390625 0.013671875
2 0.15869140625 0.6357421875 0.005859375 0.0146484375
2 0.1513671875 0.63330078125 0.0078125 0.0146484375
2 0.1484375 0.62939453125 0.0048828125 0.0107421875
2 0.15283203125 0.6005859375 0.009765625 0.0146484375
2 0.2177734375 0.6240234375 0.009765625 0.01171875
2 0.25830078125 0.62451171875 0.0078125 0.017578125
2 0.28173828125 0.7314453125 0.01171875 0.0107421875
2 0.4814453125 0.748046875 0.009765625 0.00390625
2 0.0224609375 0.21875 0.005859375 0.017578125
2 0.25146484375 0.6328125 0.005859375 0.0087890625