14 0.666015625 0.5732421875 0.0546875 0.1015625
12 0.08740234375 0.40625 0.05859375 0.072265625
12 0.05908203125 0.40478515625 0.0244140625 0.0439453125
23 0.2998046875 0.59130859375 0.01953125 0.0263671875
2 0.16064453125 0.5537109375 0.013671875 0.0263671875
2 0.2109375 0.62890625 0.01953125 0.013671875
2 0.3203125 0.8642578125 0.0146484375 0.0224609375
2 0.34033203125 0.9423828125 0.017578125 0.02734375
2 0.49169921875 0.107421875 0.0166015625 0.021484375
2 0.51171875 0.01416015625 0.009765625 0.021484375
2 0.642578125 0.24853515625 0.017578125 0.0078125