16 0.43115234375 0.24951171875 0.02734375 0.06640625
2 0.4111328125 0.412109375 0.00390625 0.0283203125
2 0.36767578125 0.42529296875 0.01171875 0.0166015625
2 0.40283203125 0.25244140625 0.0087890625 0.0126953125
2 0.33203125 0.5869140625 0.01953125 0.037109375
2 0.31396484375 0.56689453125 0.013671875 0.01953125
2 0.3271484375 0.61474609375 0.005859375 0.0341796875
2 0.197265625 0.6748046875 0.0146484375 0.01953125
2 0.18798828125 0.763671875 0.01171875 0.0166015625
2 0.42236328125 0.69091796875 0.0068359375 0.033203125
2 0.451171875 0.1171875 0.009765625 0.0302734375