18 0.3837890625 0.17919921875 0.0078125 0.017578125
2 0.4189453125 0.24755859375 0.064453125 0.0439453125
2 0.0947265625 0.5791015625 0.01171875 0.0341796875
2 0.14404296875 0.61083984375 0.01953125 0.017578125
2 0.23193359375 0.5654296875 0.009765625 0.015625
16 0.2373046875 0.6416015625 0.025390625 0.009765625
23 0.13671875 0.580078125 0.0712890625 0.064453125
2 0.1748046875 0.9013671875 0.029296875 0.013671875
2 0.3173828125 0.55859375 0.015625 0.005859375
2 0.2646484375 0.236328125 0.015625 0.015625
2 0.00634765625 0.93310546875 0.01171875 0.015625