18 0.44775390625 0.7734375 0.4375 0.220703125
17 0.38232421875 0.82470703125 0.33984375 0.330078125
5 0.45751953125 0.81298828125 0.4892578125 0.353515625
16 0.20458984375 0.6357421875 0.09765625 0.107421875
5 0.4296875 0.16650390625 0.439453125 0.3310546875
17 0.37646484375 0.14892578125 0.33203125 0.294921875
18 0.32861328125 0.1220703125 0.201171875 0.2421875
16 0.84619140625 0.31640625 0.16015625 0.080078125
16 0.95556640625 0.5537109375 0.087890625 0.283203125
16 0.56005859375 0.9541015625 0.1435546875 0.08984375
13 0.4697265625 0.56396484375 0.3857421875 0.177734375