12 0.76220703125 0.7431640625 0.0244140625 0.01953125
2 0.8525390625 0.09716796875 0.05078125 0.021484375
2 0.49658203125 0.02978515625 0.13671875 0.009765625
2 0.095703125 0.2314453125 0.05078125 0.029296875
12 0.06396484375 0.73681640625 0.0625 0.0224609375
12 0.3056640625 0.62890625 0.01171875 0.005859375
12 0.287109375 0.4638671875 0.01171875 0.005859375
12 0.3671875 0.4287109375 0.029296875 0.021484375
12 0.36279296875 0.34619140625 0.009765625 0.005859375
12 0.0673828125 0.26953125 0.013671875 0.0087890625
12 0.1865234375 0.13427734375 0.0517578125 0.0234375
12 0.70361328125 0.7265625 0.009765625 0.01171875
23 0.447265625 0.404296875 0.06640625 0.0625
2 0.44677734375 0.10205078125 0.046875 0.015625
2 0.16064453125 0.18212890625 0.033203125 0.0390625
2 0.04248046875 0.234375 0.0205078125 0.025390625
12 0.42333984375 0.69775390625 0.009765625 0.0078125