0 0.31103515625 0.4951171875 0.048828125 0.078125
2 0.37744140625 0.587890625 0.00390625 0.029296875
2 0.31494140625 0.39111328125 0.0107421875 0.029296875
2 0.205078125 0.544921875 0.0068359375 0.03515625
16 0.25830078125 0.57470703125 0.05859375 0.1103515625
16 0.43701171875 0.546875 0.005859375 0.0146484375
9 0.53759765625 0.63232421875 0.0078125 0.021484375
2 0.73681640625 0.59423828125 0.00390625 0.01171875
2 0.10107421875 0.59326171875 0.015625 0.009765625
2 0.12744140625 0.068359375 0.01953125 0.021484375
2 0.04833984375 0.2275390625 0.0166015625 0.021484375
2 0.37255859375 0.83349609375 0.005859375 0.02734375
23 0.61474609375 0.6708984375 0.0087890625 0.013671875
2 0.634765625 0.34423828125 0.0078125 0.0146484375
23 0.19482421875 0.13037109375 0.01171875 0.01953125