3 0.35009765625 0.505859375 0.09765625 0.021484375
3 0.6064453125 0.37841796875 0.0576171875 0.0234375
3 0.53759765625 0.32080078125 0.0185546875 0.01171875
8 0.32373046875 0.40234375 0.017578125 0.0283203125
23 0.03271484375 0.47314453125 0.0244140625 0.01171875
23 0.4052734375 0.4677734375 0.017578125 0.009765625
23 0.46484375 0.4423828125 0.0126953125 0.0068359375
23 0.89404296875 0.19775390625 0.021484375 0.0068359375
23 0.37060546875 0.2705078125 0.009765625 0.00390625
14 0.634765625 0.46484375 0.0283203125 0.0185546875
13 0.451171875 0.44384765625 0.017578125 0.009765625
6 0.58544921875 0.2802734375 0.009765625 0.0107421875