3 0.63037109375 0.87109375 0.1015625 0.0625
3 0.57958984375 0.40087890625 0.099609375 0.052734375
6 0.5830078125 0.34326171875 0.0390625 0.0849609375
9 0.62548828125 0.431640625 0.0107421875 0.01171875
9 0.6279296875 0.4931640625 0.01171875 0.01171875
15 0.669921875 0.4580078125 0.013671875 0.013671875
15 0.62353515625 0.41650390625 0.01171875 0.0205078125
9 0.6220703125 0.49951171875 0.0107421875 0.01171875
10 0.53857421875 0.11181640625 0.1142578125 0.2216796875
13 0.53369140625 0.37890625 0.0185546875 0.0361328125
23 0.7607421875 0.943359375 0.01953125 0.029296875
23 0.7216796875 0.9833984375 0.005859375 0.03125
23 0.71875 0.759765625 0.017578125 0.01171875
12 0.6650390625 0.42919921875 0.01171875 0.01171875
23 0.7265625 0.63623046875 0.01171875 0.01171875
2 0.70263671875 0.10205078125 0.021484375 0.005859375