3 0.505859375 0.64990234375 0.021484375 0.09765625
3 0.37841796875 0.3935546875 0.0234375 0.0576171875
3 0.32080078125 0.46240234375 0.01171875 0.0185546875
8 0.40234375 0.67626953125 0.0283203125 0.017578125
23 0.47314453125 0.96728515625 0.01171875 0.0244140625
23 0.4677734375 0.5947265625 0.009765625 0.017578125
23 0.4423828125 0.53515625 0.0068359375 0.0126953125
23 0.19775390625 0.10595703125 0.0068359375 0.021484375
23 0.2705078125 0.62939453125 0.00390625 0.009765625
14 0.46484375 0.365234375 0.0185546875 0.0283203125
13 0.44384765625 0.548828125 0.009765625 0.017578125
6 0.2802734375 0.41455078125 0.0107421875 0.009765625