11 0.6826171875 0.69482421875 0.109375 0.095703125
11 0.8369140625 0.0771484375 0.0673828125 0.0498046875
35 0.46630859375 0.58251953125 0.1572265625 0.07421875
42 0.64208984375 0.76708984375 0.111328125 0.111328125
42 0.82373046875 0.0439453125 0.04296875 0.087890625
41 0.66015625 0.740234375 0.103515625 0.0703125
41 0.84130859375 0.04052734375 0.0693359375 0.0400390625
8 0.4765625 0.44921875 0.3076171875 0.2060546875
8 0.89501953125 0.2958984375 0.208984375 0.21875
34 0.68505859375 0.2099609375 0.1845703125 0.08203125
27 0.625 0.42578125 0.044921875 0.041015625
57 0.84326171875 0.68896484375 0.0830078125 0.04296875
6 0.724609375 0.2685546875 0.033203125 0.0078125