13 0.533203125 0.4736328125 0.041015625 0.0927734375
57 0.83203125 0.20166015625 0.052734375 0.140625
42 0.51611328125 0.51318359375 0.015625 0.009765625
31 0.28173828125 0.2314453125 0.056640625 0.083984375
57 0.1376953125 0.58642578125 0.013671875 0.083984375
57 0.115234375 0.19580078125 0.0068359375 0.02734375
6 0.220703125 0.02734375 0.009765625 0.025390625
6 0.41748046875 0.1708984375 0.0126953125 0.01953125
6 0.31494140625 0.64404296875 0.0068359375 0.025390625
6 0.48974609375 0.1474609375 0.0078125 0.0234375
6 0.5224609375 0.21728515625 0.01171875 0.0126953125
6 0.2705078125 0.97314453125 0.013671875 0.013671875