7 0.6142578125 0.4912109375 0.04296875 0.173828125
6 0.50390625 0.50830078125 0.005859375 0.0234375
6 0.55517578125 0.57080078125 0.005859375 0.0234375
6 0.40625 0.83154296875 0.005859375 0.021484375
6 0.42138671875 0.63916015625 0.009765625 0.01171875
6 0.63916015625 0.25634765625 0.0048828125 0.03125
6 0.8134765625 0.50634765625 0.01171875 0.021484375
6 0.3662109375 0.9521484375 0.0078125 0.01171875
6 0.201171875 0.95849609375 0.00390625 0.01171875
6 0.23779296875 0.94677734375 0.00390625 0.015625
6 0.2421875 0.78564453125 0.00390625 0.013671875
6 0.251953125 0.79736328125 0.00390625 0.01171875
6 0.30810546875 0.41552734375 0.001953125 0.017578125
6 0.29345703125 0.44384765625 0.0048828125 0.017578125
6 0.28955078125 0.63232421875 0.005859375 0.017578125
6 0.27783203125 0.59423828125 0.0078125 0.0107421875
6 0.287109375 0.484375 0.005859375 0.005859375
6 0.3369140625 0.25146484375 0.0048828125 0.015625
6 0.44775390625 0.0546875 0.0078125 0.013671875
6 0.47021484375 0.1201171875 0.005859375 0.01171875
6 0.6435546875 0.3720703125 0.0078125 0.0185546875
6 0.71875 0.50341796875 0.01171875 0.01953125
57 0.361328125 0.72802734375 0.0048828125 0.01171875
6 0.53466796875 0.22802734375 0.0078125 0.013671875
6 0.42578125 0.04248046875 0.0078125 0.005859375