35 0.29248046875 0.853515625 0.134765625 0.173828125
41 0.21142578125 0.86962890625 0.1015625 0.18359375
20 0.6591796875 0.46728515625 0.2275390625 0.0986328125
6 0.6962890625 0.3056640625 0.0234375 0.02734375
6 0.58154296875 0.39404296875 0.0126953125 0.0283203125
6 0.8876953125 0.271484375 0.0107421875 0.05078125
6 0.85400390625 0.18798828125 0.01953125 0.0439453125
11 0.4921875 0.3251953125 0.0966796875 0.193359375
41 0.4970703125 0.41796875 0.087890625 0.0791015625
42 0.49853515625 0.40234375 0.068359375 0.2646484375
6 0.51123046875 0.42724609375 0.01171875 0.01953125
6 0.50927734375 0.48046875 0.01171875 0.029296875
6 0.97998046875 0.33203125 0.025390625 0.0244140625
6 0.373046875 0.46240234375 0.017578125 0.0087890625