42 0.7607421875 0.45947265625 0.0302734375 0.1318359375
42 0.87939453125 0.53125 0.0078125 0.125
42 0.8701171875 0.60107421875 0.146484375 0.0546875
42 0.45458984375 0.26220703125 0.166015625 0.046875
42 0.6162109375 0.62060546875 0.125 0.068359375
42 0.72412109375 0.8349609375 0.111328125 0.0703125
42 0.23291015625 0.5693359375 0.03125 0.1171875
42 0.42724609375 0.5712890625 0.099609375 0.072265625
42 0.72802734375 0.78857421875 0.060546875 0.0087890625
42 0.49609375 0.8212890625 0.046875 0.05859375
42 0.3544921875 0.90185546875 0.033203125 0.095703125
42 0.47509765625 0.6005859375 0.0234375 0.078125
42 0.20166015625 0.64306640625 0.0625 0.0068359375
42 0.3349609375 0.64306640625 0.017578125 0.0078125
42 0.1630859375 0.68603515625 0.08203125 0.095703125
42 0.1611328125 0.6025390625 0.060546875 0.0390625
42 0.36083984375 0.94677734375 0.0556640625 0.08203125
42 0.41552734375 0.87158203125 0.0078125 0.04296875
42 0.35205078125 0.92822265625 0.013671875 0.091796875
42 0.34521484375 0.86474609375 0.005859375 0.015625
42 0.42236328125 0.5966796875 0.029296875 0.015625
42 0.70556640625 0.8076171875 0.0205078125 0.0126953125
42 0.56103515625 0.65625 0.00390625 0.060546875
42 0.23193359375 0.86669921875 0.017578125 0.0126953125
39 0.76123046875 0.78466796875 0.083984375 0.044921875
39 0.5341796875 0.7587890625 0.087890625 0.068359375
13 0.59228515625 0.7822265625 0.06640625 0.0546875
39 0.70458984375 0.76953125 0.01953125 0.017578125
39 0.68017578125 0.64404296875 0.0947265625 0.03125
33 0.01904296875 0.845703125 0.037109375 0.0361328125
57 0.02294921875 0.8095703125 0.013671875 0.015625
39 0.4833984375 0.65966796875 0.0283203125 0.078125
39 0.58544921875 0.783203125 0.06640625 0.05859375
39 0.25634765625 0.87548828125 0.0166015625 0.046875
6 0.59423828125 0.3134765625 0.0205078125 0.01953125
29 0.3916015625 0.2587890625 0.01171875 0.01953125
57 0.525390625 0.21923828125 0.0625 0.099609375