12 0.50830078125 0.45166015625 0.0859375 0.08984375
45 0.54248046875 0.48681640625 0.0126953125 0.015625
57 0.50244140625 0.23486328125 0.0634765625 0.02734375
6 0.87060546875 0.91357421875 0.021484375 0.017578125
6 0.35205078125 0.853515625 0.0126953125 0.009765625
6 0.419921875 0.83642578125 0.009765625 0.01171875
6 0.15283203125 0.84912109375 0.0029296875 0.015625
6 0.16796875 0.82666015625 0.009765625 0.005859375
6 0.18798828125 0.84130859375 0.00390625 0.0107421875
6 0.22216796875 0.81494140625 0.009765625 0.0078125
6 0.30419921875 0.87646484375 0.0078125 0.013671875
6 0.216796875 0.734375 0.0068359375 0.01953125
6 0.14501953125 0.7470703125 0.0068359375 0.015625
6 0.12548828125 0.6787109375 0.005859375 0.01171875
6 0.09814453125 0.619140625 0.0029296875 0.017578125
6 0.07958984375 0.66796875 0.0029296875 0.0107421875
6 0.048828125 0.634765625 0.005859375 0.013671875
6 0.08935546875 0.6201171875 0.005859375 0.0146484375
6 0.06396484375 0.63427734375 0.0068359375 0.013671875
6 0.0498046875 0.6201171875 0.0048828125 0.01171875
6 0.14990234375 0.50830078125 0.009765625 0.009765625
6 0.12548828125 0.5263671875 0.0068359375 0.013671875
6 0.10498046875 0.5244140625 0.005859375 0.013671875
6 0.13623046875 0.4541015625 0.0087890625 0.01171875
6 0.1962890625 0.39306640625 0.009765625 0.01171875
6 0.55859375 0.34130859375 0.0185546875 0.017578125
6 0.51123046875 0.21875 0.013671875 0.013671875
6 0.56396484375 0.42236328125 0.01171875 0.01953125
6 0.5244140625 0.30810546875 0.01171875 0.013671875
6 0.576171875 0.30859375 0.0078125 0.01171875
6 0.12548828125 0.427734375 0.0087890625 0.00390625
6 0.13720703125 0.43017578125 0.005859375 0.01171875
6 0.13037109375 0.51025390625 0.0078125 0.0087890625
6 0.2578125 0.96533203125 0.0048828125 0.015625
6 0.4296875 0.84619140625 0.015625 0.013671875
6 0.2041015625 0.8916015625 0.005859375 0.0078125
6 0.26171875 0.802734375 0.00390625 0.0107421875