12 0.26708984375 0.51220703125 0.046875 0.123046875
12 0.3095703125 0.50048828125 0.046875 0.13671875
12 0.35107421875 0.5087890625 0.048828125 0.14453125
12 0.3974609375 0.5341796875 0.048828125 0.1240234375
12 0.439453125 0.52099609375 0.048828125 0.138671875
12 0.47998046875 0.5029296875 0.04296875 0.130859375
12 0.521484375 0.5029296875 0.04296875 0.1455078125
12 0.5634765625 0.52880859375 0.046875 0.146484375
7 0.6044921875 0.529296875 0.04296875 0.193359375
12 0.67138671875 0.556640625 0.0625 0.134765625
12 0.52001953125 0.62158203125 0.11328125 0.060546875
12 0.4130859375 0.6201171875 0.099609375 0.0546875
12 0.30322265625 0.6162109375 0.11328125 0.060546875
57 0.24609375 0.59765625 0.0283203125 0.0361328125
45 0.31640625 0.55517578125 0.015625 0.01953125
45 0.3525390625 0.5732421875 0.01171875 0.0087890625
45 0.43115234375 0.57861328125 0.013671875 0.0078125
45 0.47802734375 0.5537109375 0.009765625 0.0107421875
45 0.52197265625 0.5654296875 0.0107421875 0.005859375
57 0.4482421875 0.33740234375 0.025390625 0.015625
57 0.4140625 0.34130859375 0.037109375 0.021484375
57 0.38671875 0.3525390625 0.0234375 0.0380859375
57 0.65087890625 0.39111328125 0.0224609375 0.03515625
57 0.61181640625 0.90673828125 0.005859375 0.0234375
38 0.6064453125 0.61767578125 0.01953125 0.015625