49 0.76904296875 0.62548828125 0.1376953125 0.130859375
39 0.8046875 0.56689453125 0.064453125 0.052734375
33 0.24267578125 0.61181640625 0.0537109375 0.033203125
33 0.2900390625 0.73095703125 0.052734375 0.03125
39 0.02294921875 0.271484375 0.0458984375 0.025390625
43 0.26513671875 0.88623046875 0.052734375 0.06640625
7 0.29150390625 0.5625 0.08203125 0.1513671875
51 0.25830078125 0.4560546875 0.06640625 0.03515625
54 0.251953125 0.4326171875 0.03515625 0.013671875
54 0.69580078125 0.16796875 0.0419921875 0.0185546875
28 0.09521484375 0.560546875 0.0390625 0.0205078125
57 0.12646484375 0.56689453125 0.025390625 0.015625
57 0.62890625 0.76220703125 0.015625 0.029296875
57 0.798828125 0.45458984375 0.068359375 0.0283203125
57 0.193359375 0.1806640625 0.046875 0.01171875
57 0.53515625 0.19970703125 0.08984375 0.015625
57 0.572265625 0.14892578125 0.009765625 0.00390625
57 0.0986328125 0.4013671875 0.01953125 0.009765625
29 0.73486328125 0.87158203125 0.017578125 0.09375
57 0.58251953125 0.787109375 0.0234375 0.025390625
29 0.38671875 0.79443359375 0.064453125 0.044921875
42 0.7685546875 0.53955078125 0.0517578125 0.041015625
35 0.03857421875 0.18994140625 0.037109375 0.021484375
38 0.28076171875 0.63330078125 0.021484375 0.009765625