4 0.27880859375 0.400390625 0.2568359375 0.3623046875
4 0.42431640625 0.2080078125 0.04296875 0.056640625
4 0.3935546875 0.2333984375 0.017578125 0.0380859375
4 0.28759765625 0.31884765625 0.0439453125 0.0556640625
4 0.28564453125 0.228515625 0.0107421875 0.04296875
4 0.28759765625 0.28515625 0.025390625 0.02734375
4 0.06982421875 0.33154296875 0.044921875 0.0576171875
4 0.09228515625 0.36767578125 0.0361328125 0.029296875
4 0.09375 0.33984375 0.0224609375 0.0234375
4 0.302734375 0.73974609375 0.07421875 0.0625
4 0.30810546875 0.76708984375 0.056640625 0.0263671875
4 0.3564453125 0.7646484375 0.0390625 0.0283203125
4 0.34619140625 0.759765625 0.0205078125 0.01171875
4 0.35693359375 0.73828125 0.03515625 0.0302734375
4 0.36767578125 0.73193359375 0.041015625 0.033203125
4 0.39404296875 0.68896484375 0.0791015625 0.06640625
4 0.33935546875 0.68701171875 0.029296875 0.060546875
4 0.31787109375 0.66748046875 0.025390625 0.02734375
4 0.3203125 0.69482421875 0.0126953125 0.0234375
4 0.35205078125 0.626953125 0.08203125 0.056640625
4 0.43359375 0.6396484375 0.0234375 0.025390625
4 0.40234375 0.63037109375 0.03125 0.0185546875
4 0.4140625 0.6103515625 0.02734375 0.017578125
4 0.42626953125 0.61083984375 0.017578125 0.021484375
4 0.3291015625 0.591796875 0.033203125 0.01953125
4 0.59912109375 0.19677734375 0.044921875 0.0703125