35 0.4267578125 0.333984375 0.1015625 0.0546875
29 0.59375 0.91259765625 0.072265625 0.05859375
29 0.59521484375 0.94091796875 0.0439453125 0.0244140625
57 0.40869140625 0.7001953125 0.0263671875 0.01953125
6 0.4462890625 0.83935546875 0.0263671875 0.013671875
6 0.37109375 0.7890625 0.013671875 0.01953125
6 0.1357421875 0.6796875 0.0234375 0.0146484375
6 0.0576171875 0.65966796875 0.02734375 0.017578125
6 0.892578125 0.50830078125 0.021484375 0.0166015625
6 0.98583984375 0.48828125 0.021484375 0.009765625
6 0.75146484375 0.357421875 0.0078125 0.017578125