7 0.67578125 0.30712890625 0.07421875 0.056640625
38 0.64453125 0.330078125 0.01171875 0.009765625
39 0.76904296875 0.2109375 0.05859375 0.0361328125
33 0.587890625 0.2646484375 0.072265625 0.029296875
33 0.466796875 0.658203125 0.119140625 0.08984375
33 0.2734375 0.78564453125 0.064453125 0.0546875
39 0.3916015625 0.474609375 0.0478515625 0.0419921875
57 0.7099609375 0.1474609375 0.013671875 0.0087890625
57 0.90771484375 0.0166015625 0.02734375 0.0224609375
57 0.91552734375 0.0068359375 0.0322265625 0.013671875
57 0.4580078125 0.24560546875 0.029296875 0.025390625
39 0.505859375 0.72705078125 0.0595703125 0.0673828125