19 0.09130859375 0.701171875 0.181640625 0.45703125
19 0.1552734375 0.75830078125 0.18359375 0.3017578125
19 0.3876953125 0.58154296875 0.4453125 0.69140625
19 0.25732421875 0.88134765625 0.1923828125 0.2353515625
49 0.6875 0.87841796875 0.4140625 0.2412109375
39 0.326171875 0.2373046875 0.02734375 0.0517578125
9 0.564453125 0.2861328125 0.06640625 0.09375
49 0.51318359375 0.22509765625 0.109375 0.2158203125
28 0.6025390625 0.791015625 0.3203125 0.4140625
28 0.59423828125 0.0634765625 0.08203125 0.0927734375
13 0.47900390625 0.13134765625 0.056640625 0.0859375
28 0.37890625 0.06005859375 0.0361328125 0.072265625
13 0.6025390625 0.548828125 0.05078125 0.0986328125
28 0.654296875 0.552734375 0.056640625 0.1337890625
13 0.62646484375 0.62939453125 0.037109375 0.046875
45 0.27392578125 0.24365234375 0.005859375 0.013671875
42 0.505859375 0.1123046875 0.029296875 0.013671875
42 0.623046875 0.5986328125 0.017578125 0.009765625
7 0.6220703125 0.46533203125 0.134765625 0.05859375
38 0.68212890625 0.45849609375 0.015625 0.0263671875