8 0.2802734375 0.736328125 0.03125 0.130859375
8 0.353515625 0.65283203125 0.2421875 0.060546875
7 0.4375 0.470703125 0.029296875 0.046875
38 0.44775390625 0.490234375 0.005859375 0.0078125
38 0.2939453125 0.52392578125 0.005859375 0.009765625
38 0.24365234375 0.501953125 0.00390625 0.009765625
7 0.2666015625 0.50244140625 0.046875 0.021484375
11 0.27880859375 0.47216796875 0.02734375 0.0263671875
33 0.2587890625 0.4677734375 0.0146484375 0.0419921875
39 0.10595703125 0.63916015625 0.05859375 0.02734375
6 0.67431640625 0.35009765625 0.0078125 0.01953125