19 0.298828125 0.09130859375 0.45703125 0.181640625
19 0.24169921875 0.1552734375 0.3017578125 0.18359375
19 0.41845703125 0.3876953125 0.69140625 0.4453125
19 0.1181640625 0.2568359375 0.236328125 0.19140625
49 0.12109375 0.68701171875 0.2421875 0.412109375
39 0.7626953125 0.326171875 0.0517578125 0.02734375
9 0.7138671875 0.564453125 0.09375 0.06640625
49 0.77490234375 0.51318359375 0.2158203125 0.109375
28 0.208984375 0.6025390625 0.4140625 0.3203125
28 0.9365234375 0.59423828125 0.0927734375 0.08203125
13 0.86865234375 0.47900390625 0.0859375 0.056640625
28 0.93994140625 0.37890625 0.072265625 0.0361328125
13 0.451171875 0.6025390625 0.0986328125 0.05078125
28 0.447265625 0.654296875 0.1337890625 0.056640625
13 0.37060546875 0.62646484375 0.046875 0.037109375
45 0.75634765625 0.27392578125 0.013671875 0.005859375
42 0.8876953125 0.505859375 0.013671875 0.029296875
42 0.4013671875 0.623046875 0.009765625 0.017578125
7 0.53466796875 0.6220703125 0.05859375 0.134765625
38 0.54150390625 0.68212890625 0.0263671875 0.015625