53 0.50537109375 0.56689453125 0.41796875 0.138671875
29 0.58203125 0.58935546875 0.123046875 0.0712890625
53 0.53076171875 0.6845703125 0.35546875 0.150390625
49 0.2578125 0.8525390625 0.3388671875 0.212890625
49 0.31298828125 0.74609375 0.205078125 0.078125
49 0.373046875 0.8505859375 0.513671875 0.28515625
49 0.8095703125 0.57373046875 0.228515625 0.099609375
49 0.8662109375 0.55712890625 0.056640625 0.0654296875
49 0.92919921875 0.63671875 0.1376953125 0.09765625
49 0.607421875 0.7724609375 0.134765625 0.09375
30 0.82275390625 0.6904296875 0.232421875 0.1552734375