11 0.30517578125 0.3173828125 0.095703125 0.109375
11 0.9228515625 0.1630859375 0.0498046875 0.0673828125
35 0.41748046875 0.53369140625 0.07421875 0.1572265625
42 0.23291015625 0.35791015625 0.111328125 0.111328125
42 0.95556640625 0.17626953125 0.0869140625 0.0439453125
41 0.259765625 0.33984375 0.0703125 0.103515625
41 0.95947265625 0.15869140625 0.0400390625 0.0693359375
8 0.55078125 0.5234375 0.2060546875 0.3076171875
8 0.7041015625 0.10498046875 0.2197265625 0.208984375
34 0.7900390625 0.31494140625 0.08203125 0.1845703125
27 0.57421875 0.375 0.041015625 0.044921875
57 0.31103515625 0.15673828125 0.04296875 0.0830078125
6 0.7314453125 0.275390625 0.0078125 0.033203125