11 0.81982421875 0.2568359375 0.025390625 0.017578125
11 0.26904296875 0.443359375 0.02734375 0.01953125
39 0.46435546875 0.95947265625 0.1025390625 0.080078125
27 0.51513671875 0.98583984375 0.0634765625 0.0263671875
6 0.345703125 0.83251953125 0.013671875 0.00390625
6 0.3642578125 0.84130859375 0.0146484375 0.005859375
6 0.36669921875 0.8486328125 0.0146484375 0.0078125
6 0.37060546875 0.8515625 0.0107421875 0.0048828125
6 0.3994140625 0.84716796875 0.0146484375 0.009765625
6 0.3759765625 0.7822265625 0.01171875 0.009765625
6 0.37548828125 0.74169921875 0.017578125 0.0078125
6 0.2685546875 0.71826171875 0.0107421875 0.01171875
6 0.251953125 0.5185546875 0.00390625 0.009765625
6 0.78125 0.9775390625 0.017578125 0.005859375
6 0.3671875 0.74853515625 0.0087890625 0.005859375