57 0.20458984375 0.166015625 0.052734375 0.029296875
11 0.55859375 0.21923828125 0.03125 0.025390625
7 0.33447265625 0.52783203125 0.0947265625 0.052734375
57 0.056640625 0.123046875 0.0234375 0.037109375
7 0.412109375 0.45458984375 0.044921875 0.046875
11 0.388671875 0.455078125 0.0390625 0.044921875
57 0.564453125 0.62939453125 0.033203125 0.0390625
7 0.9501953125 0.61865234375 0.0986328125 0.076171875
43 0.43798828125 0.564453125 0.064453125 0.01171875
57 0.49609375 0.10498046875 0.046875 0.013671875
57 0.85009765625 0.298828125 0.046875 0.029296875