30 0.44287109375 0.58837890625 0.140625 0.248046875
38 0.482421875 0.49072265625 0.0390625 0.0556640625
19 0.2490234375 0.197265625 0.248046875 0.39453125
2 0.447265625 0.25439453125 0.01953125 0.03125
57 0.5087890625 0.1796875 0.017578125 0.0244140625
7 0.4130859375 0.1572265625 0.08203125 0.24609375
7 0.3642578125 0.03271484375 0.037109375 0.0634765625
38 0.37353515625 0.05322265625 0.01953125 0.0234375
7 0.60595703125 0.0263671875 0.259765625 0.05078125
10 0.62548828125 0.06494140625 0.140625 0.06640625
25 0.630859375 0.37744140625 0.0126953125 0.017578125
41 0.53955078125 0.08642578125 0.0537109375 0.0810546875
29 0.1552734375 0.03955078125 0.048828125 0.0771484375