0 0.70458984375 0.9638671875 0.0478515625 0.0712890625
7 0.56982421875 0.62060546875 0.072265625 0.0859375
7 0.42138671875 0.33447265625 0.1259765625 0.099609375
9 0.10107421875 0.3037109375 0.0400390625 0.056640625
33 0.1865234375 0.15869140625 0.0478515625 0.029296875
9 0.22216796875 0.0966796875 0.048828125 0.033203125
57 0.14111328125 0.32275390625 0.025390625 0.033203125
57 0.15673828125 0.26025390625 0.072265625 0.021484375
29 0.177734375 0.68115234375 0.01171875 0.01171875
57 0.20654296875 0.70947265625 0.009765625 0.0166015625
29 0.1435546875 0.59912109375 0.0078125 0.0048828125
29 0.5439453125 0.6884765625 0.0166015625 0.009765625