49 0.37451171875 0.76904296875 0.130859375 0.1376953125
39 0.43310546875 0.8046875 0.052734375 0.064453125
33 0.38818359375 0.24267578125 0.033203125 0.0537109375
33 0.26904296875 0.2900390625 0.03125 0.052734375
39 0.728515625 0.02294921875 0.025390625 0.0458984375
43 0.11376953125 0.26513671875 0.06640625 0.052734375
7 0.4375 0.29150390625 0.1513671875 0.08203125
51 0.5439453125 0.25830078125 0.03515625 0.06640625
54 0.5673828125 0.251953125 0.013671875 0.03515625
54 0.83203125 0.69580078125 0.0185546875 0.0419921875
28 0.439453125 0.09521484375 0.0205078125 0.0390625
57 0.43310546875 0.12646484375 0.015625 0.025390625
57 0.23779296875 0.62890625 0.029296875 0.015625
57 0.54541015625 0.798828125 0.0283203125 0.068359375
57 0.8193359375 0.193359375 0.01171875 0.046875
57 0.80029296875 0.53515625 0.015625 0.08984375
57 0.85107421875 0.572265625 0.00390625 0.009765625
57 0.5986328125 0.0986328125 0.009765625 0.01953125
29 0.12841796875 0.73486328125 0.09375 0.017578125
57 0.212890625 0.58251953125 0.025390625 0.0234375
29 0.20556640625 0.38671875 0.044921875 0.064453125
42 0.46044921875 0.7685546875 0.041015625 0.0517578125
35 0.81005859375 0.03857421875 0.0224609375 0.037109375
38 0.36669921875 0.28076171875 0.009765625 0.021484375