6 0.87353515625 0.34765625 0.013671875 0.02734375
6 0.833984375 0.32763671875 0.01171875 0.017578125
6 0.765625 0.39404296875 0.0146484375 0.0126953125
6 0.73291015625 0.40234375 0.015625 0.0244140625
6 0.67138671875 0.515625 0.017578125 0.029296875
35 0.60791015625 0.5068359375 0.0517578125 0.1005859375
35 0.61328125 0.54931640625 0.044921875 0.033203125
6 0.55859375 0.474609375 0.01953125 0.01171875
6 0.4111328125 0.60791015625 0.0107421875 0.044921875
6 0.3564453125 0.54248046875 0.0224609375 0.0703125
6 0.2841796875 0.87255859375 0.0302734375 0.041015625
6 0.5615234375 0.2705078125 0.0166015625 0.021484375
6 0.611328125 0.2451171875 0.01171875 0.029296875
57 0.44677734375 0.458984375 0.013671875 0.0419921875
57 0.51025390625 0.4912109375 0.013671875 0.0439453125
35 0.31689453125 0.5830078125 0.080078125 0.138671875
6 0.2568359375 0.70654296875 0.02734375 0.0927734375
58 0.1025390625 0.9580078125 0.01953125 0.0703125
57 0.36083984375 0.6181640625 0.025390625 0.025390625
6 0.0166015625 0.6943359375 0.03125 0.064453125
57 0.08642578125 0.685546875 0.0244140625 0.03515625
57 0.3994140625 0.54248046875 0.015625 0.03515625
57 0.89208984375 0.2841796875 0.00390625 0.0234375
57 0.01025390625 0.6396484375 0.0185546875 0.0517578125