19 0.07177734375 0.01904296875 0.1435546875 0.0380859375
7 0.677734375 0.45458984375 0.0439453125 0.0205078125
6 0.80322265625 0.478515625 0.0107421875 0.0048828125
29 0.220703125 0.52392578125 0.0126953125 0.005859375
29 0.626953125 0.47314453125 0.0078125 0.005859375
6 0.75390625 0.5419921875 0.0126953125 0.009765625
57 0.92138671875 0.556640625 0.0087890625 0.0078125
27 0.732421875 0.43359375 0.0087890625 0.015625
27 0.4541015625 0.41357421875 0.01953125 0.0205078125
57 0.46826171875 0.42529296875 0.01953125 0.01171875
6 0.2451171875 0.42578125 0.017578125 0.02734375
6 0.1357421875 0.50732421875 0.0107421875 0.005859375
29 0.0576171875 0.43896484375 0.015625 0.0166015625
6 0.6201171875 0.53515625 0.009765625 0.0078125
57 0.81298828125 0.56591796875 0.017578125 0.01171875
31 0.86474609375 0.4658203125 0.0361328125 0.017578125
57 0.85546875 0.42919921875 0.03515625 0.017578125
57 0.92138671875 0.46435546875 0.01171875 0.0078125
57 0.92041015625 0.50732421875 0.0234375 0.01171875
57 0.68603515625 0.42626953125 0.015625 0.0078125
4 0.52392578125 0.474609375 0.0078125 0.005859375
57 0.48779296875 0.43603515625 0.0107421875 0.0078125