11 0.48779296875 0.41455078125 0.05078125 0.0615234375
11 0.51953125 0.5322265625 0.04296875 0.0654296875
12 0.5146484375 0.5947265625 0.029296875 0.03515625
12 0.48876953125 0.572265625 0.02734375 0.0859375
12 0.50244140625 0.49755859375 0.0322265625 0.0859375
12 0.5205078125 0.49951171875 0.02734375 0.076171875
45 0.48583984375 0.53369140625 0.00390625 0.0087890625
29 0.484375 0.49658203125 0.048828125 0.087890625
29 0.51611328125 0.56689453125 0.03515625 0.02734375
57 0.5205078125 0.4443359375 0.005859375 0.0341796875
57 0.20263671875 0.86328125 0.0146484375 0.0283203125
57 0.53271484375 0.04833984375 0.046875 0.095703125
28 0.509765625 0.27099609375 0.025390625 0.048828125
2 0.51123046875 0.25634765625 0.0126953125 0.015625