7 0.90185546875 0.80419921875 0.0419921875 0.0517578125
7 0.78369140625 0.51806640625 0.0283203125 0.025390625
6 0.65380859375 0.83935546875 0.005859375 0.00390625
6 0.68994140625 0.7685546875 0.005859375 0.0078125
6 0.7001953125 0.78564453125 0.00390625 0.0078125
6 0.7021484375 0.759765625 0.005859375 0.0048828125
6 0.72998046875 0.7890625 0.00390625 0.0078125
6 0.75537109375 0.787109375 0.001953125 0.009765625
6 0.7490234375 0.73583984375 0.00390625 0.0078125
6 0.79150390625 0.806640625 0.00390625 0.0068359375
6 0.72802734375 0.6689453125 0.005859375 0.00390625
6 0.716796875 0.65966796875 0.00390625 0.01171875
6 0.73388671875 0.5869140625 0.00390625 0.0078125
6 0.77587890625 0.52734375 0.005859375 0.0029296875
6 0.80126953125 0.61572265625 0.00390625 0.0048828125
6 0.720703125 0.470703125 0.00390625 0.0078125
6 0.7470703125 0.46484375 0.005859375 0.0068359375
6 0.6708984375 0.61474609375 0.0048828125 0.0048828125
6 0.67236328125 0.60986328125 0.005859375 0.005859375
6 0.64208984375 0.49609375 0.001953125 0.005859375
6 0.54052734375 0.43212890625 0.005859375 0.005859375
6 0.505859375 0.1513671875 0.0078125 0.009765625
6 0.25244140625 0.126953125 0.013671875 0.0087890625
6 0.22998046875 0.1025390625 0.0107421875 0.0126953125
6 0.2568359375 0.203125 0.0087890625 0.009765625
6 0.56640625 0.64404296875 0.005859375 0.009765625
6 0.5986328125 0.8330078125 0.009765625 0.009765625
6 0.15185546875 0.4296875 0.015625 0.009765625
6 0.89697265625 0.74072265625 0.00390625 0.0078125
6 0.89404296875 0.9521484375 0.001953125 0.005859375