29 0.76220703125 0.2568359375 0.0244140625 0.01953125
6 0.8525390625 0.90283203125 0.05078125 0.0224609375
6 0.49658203125 0.97021484375 0.13671875 0.009765625
6 0.095703125 0.7685546875 0.05078125 0.029296875
29 0.06396484375 0.26318359375 0.0625 0.0224609375
29 0.3056640625 0.37109375 0.01171875 0.005859375
29 0.287109375 0.5361328125 0.01171875 0.005859375
29 0.3671875 0.5712890625 0.029296875 0.021484375
29 0.36279296875 0.65380859375 0.009765625 0.005859375
29 0.0673828125 0.73046875 0.013671875 0.0087890625
29 0.1865234375 0.86572265625 0.0517578125 0.0244140625
29 0.70361328125 0.2734375 0.009765625 0.01171875
57 0.447265625 0.595703125 0.06640625 0.0625
6 0.44677734375 0.89794921875 0.046875 0.015625
6 0.16064453125 0.81787109375 0.033203125 0.0390625
6 0.04248046875 0.765625 0.0205078125 0.025390625
29 0.42333984375 0.30224609375 0.009765625 0.0078125