39 0.82958984375 0.94921875 0.021484375 0.048828125
27 0.451171875 0.83935546875 0.111328125 0.09375
33 0.52099609375 0.89111328125 0.0390625 0.037109375
39 0.3857421875 0.76220703125 0.080078125 0.0888671875
39 0.3798828125 0.6708984375 0.126953125 0.1689453125
39 0.3369140625 0.56591796875 0.1357421875 0.091796875
39 0.15234375 0.63818359375 0.1875 0.1689453125
57 0.85107421875 0.263671875 0.0537109375 0.0732421875
33 0.5361328125 0.4306640625 0.03125 0.03515625
33 0.4365234375 0.3623046875 0.013671875 0.015625
33 0.466796875 0.29833984375 0.017578125 0.013671875
57 0.4736328125 0.232421875 0.021484375 0.013671875
33 0.4375 0.12158203125 0.03515625 0.04296875
42 0.80615234375 0.44970703125 0.0234375 0.013671875
41 0.79736328125 0.44140625 0.0185546875 0.01171875
57 0.4638671875 0.78515625 0.02734375 0.03515625
39 0.36962890625 0.8974609375 0.06640625 0.044921875
39 0.3212890625 0.78271484375 0.03125 0.04296875
39 0.03125 0.3154296875 0.0595703125 0.08203125
39 0.3232421875 0.10107421875 0.048828125 0.060546875
53 0.5341796875 0.35107421875 0.0419921875 0.037109375
53 0.6005859375 0.3154296875 0.029296875 0.037109375
53 0.48486328125 0.30029296875 0.0390625 0.025390625
57 0.578125 0.65478515625 0.0234375 0.0185546875
31 0.48779296875 0.5634765625 0.037109375 0.0390625
39 0.43505859375 0.59423828125 0.072265625 0.041015625
39 0.4267578125 0.6455078125 0.03515625 0.037109375
39 0.41015625 0.5810546875 0.0439453125 0.033203125
39 0.4150390625 0.61572265625 0.017578125 0.0263671875
33 0.31494140625 0.421875 0.0361328125 0.0380859375
53 0.0859375 0.416015625 0.044921875 0.046875
53 0.47998046875 0.6484375 0.033203125 0.025390625
57 0.4931640625 0.64404296875 0.02734375 0.0185546875
33 0.4580078125 0.375 0.017578125 0.0302734375
42 0.4375 0.13330078125 0.046875 0.0556640625
57 0.2197265625 0.77783203125 0.02734375 0.0244140625
57 0.087890625 0.32177734375 0.01953125 0.0166015625