57 0.833984375 0.79541015625 0.029296875 0.052734375
11 0.78076171875 0.44140625 0.025390625 0.03125
7 0.47216796875 0.66552734375 0.052734375 0.0947265625
57 0.876953125 0.943359375 0.037109375 0.0234375
7 0.54541015625 0.587890625 0.046875 0.044921875
11 0.544921875 0.611328125 0.044921875 0.0390625
57 0.37060546875 0.435546875 0.0390625 0.033203125
7 0.38134765625 0.0498046875 0.076171875 0.0986328125
43 0.435546875 0.56201171875 0.01171875 0.064453125
57 0.89501953125 0.50390625 0.013671875 0.046875
57 0.701171875 0.14990234375 0.029296875 0.046875