8 0.388671875 0.4404296875 0.375 0.4755859375
12 0.2412109375 0.56103515625 0.0615234375 0.052734375
12 0.24609375 0.63818359375 0.046875 0.10546875
12 0.29150390625 0.6298828125 0.044921875 0.10546875
12 0.31787109375 0.63330078125 0.0625 0.0888671875
12 0.23828125 0.720703125 0.083984375 0.0634765625
12 0.21533203125 0.796875 0.0546875 0.0947265625
12 0.2763671875 0.8115234375 0.064453125 0.115234375
12 0.353515625 0.828125 0.078125 0.109375
12 0.3212890625 0.73193359375 0.0810546875 0.0908203125
12 0.3681640625 0.69970703125 0.083984375 0.087890625
12 0.4833984375 0.60107421875 0.08203125 0.115234375
12 0.51416015625 0.77783203125 0.060546875 0.123046875
12 0.6015625 0.40283203125 0.068359375 0.125
12 0.66162109375 0.345703125 0.09765625 0.111328125
12 0.8759765625 0.4765625 0.0693359375 0.1396484375
45 0.69921875 0.31640625 0.0146484375 0.021484375
45 0.50634765625 0.5625 0.009765625 0.009765625
45 0.29150390625 0.76416015625 0.0107421875 0.0126953125
45 0.62060546875 0.46435546875 0.009765625 0.0078125