7 0.69287109375 0.67578125 0.056640625 0.07421875
38 0.669921875 0.64453125 0.009765625 0.01171875
39 0.7890625 0.76904296875 0.0361328125 0.0595703125
33 0.7353515625 0.587890625 0.029296875 0.072265625
33 0.341796875 0.466796875 0.08984375 0.119140625
33 0.21435546875 0.2734375 0.0546875 0.064453125
39 0.525390625 0.3916015625 0.0419921875 0.0478515625
57 0.8525390625 0.7099609375 0.0087890625 0.013671875
57 0.9833984375 0.90771484375 0.0224609375 0.02734375
57 0.99267578125 0.916015625 0.0126953125 0.033203125
57 0.75439453125 0.4580078125 0.025390625 0.029296875
39 0.27294921875 0.505859375 0.0673828125 0.0595703125