13 0.5263671875 0.466796875 0.0927734375 0.041015625
57 0.79833984375 0.16796875 0.140625 0.052734375
42 0.48681640625 0.48388671875 0.009765625 0.015625
31 0.7685546875 0.71826171875 0.083984375 0.056640625
57 0.41357421875 0.8623046875 0.083984375 0.013671875
57 0.80419921875 0.884765625 0.02734375 0.0068359375
6 0.97265625 0.779296875 0.025390625 0.009765625
6 0.8291015625 0.58251953125 0.01953125 0.0126953125
6 0.35595703125 0.68505859375 0.025390625 0.0068359375
6 0.8525390625 0.51025390625 0.0234375 0.0078125
6 0.78271484375 0.4775390625 0.0126953125 0.01171875
6 0.02685546875 0.7294921875 0.013671875 0.013671875