20 0.2265625 0.166015625 0.0390625 0.2333984375
9 0.23974609375 0.24853515625 0.060546875 0.111328125
25 0.36572265625 0.5341796875 0.037109375 0.0419921875
25 0.41845703125 0.6123046875 0.04296875 0.05078125
21 0.51220703125 0.548828125 0.0732421875 0.2890625
21 0.51318359375 0.34326171875 0.05859375 0.138671875
20 0.60986328125 0.41357421875 0.0546875 0.29296875
21 0.6142578125 0.31298828125 0.048828125 0.1591796875
20 0.6728515625 0.2822265625 0.052734375 0.396484375
20 0.70556640625 0.48095703125 0.0654296875 0.33984375
54 0.462890625 0.3623046875 0.0576171875 0.177734375
39 0.39794921875 0.12890625 0.091796875 0.2578125
54 0.75390625 0.333984375 0.041015625 0.0615234375
54 0.76611328125 0.40771484375 0.064453125 0.0546875