35 0.47509765625 0.49267578125 0.091796875 0.0732421875
57 0.43115234375 0.58349609375 0.04296875 0.056640625
6 0.4599609375 0.59326171875 0.0166015625 0.01171875
6 0.47900390625 0.583984375 0.017578125 0.015625
6 0.4814453125 0.56396484375 0.01171875 0.0244140625
6 0.5078125 0.56396484375 0.017578125 0.005859375
6 0.4912109375 0.541015625 0.009765625 0.013671875
6 0.5283203125 0.5439453125 0.017578125 0.015625
6 0.50341796875 0.5341796875 0.009765625 0.009765625
6 0.50439453125 0.53564453125 0.0078125 0.015625
6 0.5107421875 0.5380859375 0.0078125 0.021484375
6 0.50927734375 0.55419921875 0.0234375 0.005859375
6 0.4462890625 0.59130859375 0.0078125 0.0146484375
6 0.443359375 0.58447265625 0.009765625 0.015625
6 0.44580078125 0.56103515625 0.00390625 0.01171875
6 0.39453125 0.826171875 0.0078125 0.005859375
6 0.93310546875 0.427734375 0.01171875 0.005859375