7 0.19580078125 0.09814453125 0.0517578125 0.0419921875
7 0.48193359375 0.21630859375 0.025390625 0.0283203125
6 0.16064453125 0.34619140625 0.00390625 0.005859375
6 0.2314453125 0.31005859375 0.0078125 0.005859375
6 0.21435546875 0.2998046875 0.0078125 0.00390625
6 0.240234375 0.2978515625 0.0048828125 0.005859375
6 0.2109375 0.27001953125 0.0078125 0.00390625
6 0.212890625 0.24462890625 0.009765625 0.001953125
6 0.26416015625 0.2509765625 0.0078125 0.00390625
6 0.193359375 0.20849609375 0.0068359375 0.00390625
6 0.3310546875 0.27197265625 0.00390625 0.005859375
6 0.34033203125 0.283203125 0.01171875 0.00390625
6 0.4130859375 0.26611328125 0.0078125 0.00390625
6 0.47265625 0.22412109375 0.0029296875 0.005859375
6 0.38427734375 0.19873046875 0.0048828125 0.00390625
6 0.529296875 0.279296875 0.0078125 0.00390625
6 0.53515625 0.2529296875 0.0068359375 0.005859375
6 0.38525390625 0.3291015625 0.0048828125 0.0048828125
6 0.39013671875 0.32763671875 0.005859375 0.005859375
6 0.50390625 0.35791015625 0.005859375 0.001953125
6 0.56787109375 0.45947265625 0.005859375 0.005859375
6 0.8486328125 0.494140625 0.009765625 0.0078125
6 0.873046875 0.74755859375 0.0087890625 0.013671875
6 0.8974609375 0.77001953125 0.0126953125 0.0107421875
6 0.796875 0.7431640625 0.009765625 0.0087890625
6 0.35595703125 0.43359375 0.009765625 0.005859375
6 0.1669921875 0.4013671875 0.009765625 0.009765625
6 0.5703125 0.84814453125 0.009765625 0.015625
6 0.25927734375 0.10302734375 0.0078125 0.00390625
6 0.0478515625 0.10595703125 0.005859375 0.001953125