13 0.79541015625 0.59423828125 0.056640625 0.072265625
42 0.82080078125 0.6162109375 0.017578125 0.0078125
6 0.75244140625 0.5810546875 0.0439453125 0.064453125
6 0.4208984375 0.9052734375 0.0341796875 0.01171875
6 0.38916015625 0.85595703125 0.017578125 0.01953125
6 0.4345703125 0.76806640625 0.015625 0.009765625
39 0.3583984375 0.7626953125 0.009765625 0.025390625
57 0.419921875 0.86328125 0.064453125 0.0712890625
6 0.0986328125 0.8251953125 0.013671875 0.029296875
6 0.44140625 0.6826171875 0.005859375 0.015625
6 0.763671875 0.7353515625 0.015625 0.015625
6 0.06689453125 0.99365234375 0.015625 0.01171875