0 0.0361328125 0.70458984375 0.0712890625 0.046875
7 0.37939453125 0.56982421875 0.0859375 0.072265625
7 0.66552734375 0.42138671875 0.099609375 0.1259765625
9 0.6962890625 0.10107421875 0.056640625 0.0400390625
33 0.84130859375 0.1865234375 0.029296875 0.0478515625
9 0.9033203125 0.22216796875 0.033203125 0.048828125
57 0.67724609375 0.14111328125 0.033203125 0.025390625
57 0.73974609375 0.15673828125 0.021484375 0.072265625
29 0.31884765625 0.177734375 0.01171875 0.01171875
57 0.29052734375 0.20654296875 0.0166015625 0.009765625
29 0.40087890625 0.1435546875 0.0048828125 0.0078125
29 0.3115234375 0.5439453125 0.009765625 0.0166015625