39 0.56884765625 0.75048828125 0.02734375 0.06640625
6 0.5888671875 0.587890625 0.00390625 0.0283203125
6 0.63232421875 0.57470703125 0.01171875 0.0166015625
6 0.59716796875 0.74755859375 0.0087890625 0.0126953125
6 0.66796875 0.4130859375 0.01953125 0.037109375
6 0.68603515625 0.43310546875 0.013671875 0.01953125
6 0.6728515625 0.38525390625 0.005859375 0.0341796875
6 0.802734375 0.3251953125 0.0146484375 0.01953125
6 0.81201171875 0.236328125 0.01171875 0.0166015625
6 0.57763671875 0.30908203125 0.0068359375 0.033203125
6 0.548828125 0.8828125 0.009765625 0.0302734375