11 0.58544921875 0.51220703125 0.0615234375 0.05078125
11 0.4677734375 0.48046875 0.0654296875 0.04296875
12 0.4052734375 0.4853515625 0.03515625 0.029296875
12 0.427734375 0.51123046875 0.0859375 0.02734375
12 0.50244140625 0.49755859375 0.0859375 0.0322265625
12 0.50048828125 0.4794921875 0.076171875 0.02734375
45 0.46630859375 0.51416015625 0.0087890625 0.00390625
29 0.50341796875 0.515625 0.087890625 0.048828125
29 0.43310546875 0.48388671875 0.02734375 0.03515625
57 0.5556640625 0.4794921875 0.0341796875 0.005859375
57 0.13671875 0.79736328125 0.02734375 0.0146484375
57 0.95166015625 0.46728515625 0.095703125 0.046875
28 0.72900390625 0.490234375 0.048828125 0.025390625
2 0.74365234375 0.48876953125 0.015625 0.0126953125