4 0.72119140625 0.400390625 0.2568359375 0.3623046875
4 0.57568359375 0.2080078125 0.04296875 0.056640625
4 0.6064453125 0.2333984375 0.017578125 0.0380859375
4 0.71240234375 0.31884765625 0.0439453125 0.0556640625
4 0.71435546875 0.228515625 0.0107421875 0.04296875
4 0.71240234375 0.28515625 0.025390625 0.02734375
4 0.93017578125 0.33154296875 0.044921875 0.0576171875
4 0.90771484375 0.36767578125 0.0361328125 0.029296875
4 0.90625 0.33984375 0.0224609375 0.0234375
4 0.697265625 0.73974609375 0.07421875 0.0625
4 0.69189453125 0.76708984375 0.056640625 0.0263671875
4 0.6435546875 0.7646484375 0.0390625 0.0283203125
4 0.65380859375 0.759765625 0.0205078125 0.01171875
4 0.64306640625 0.73828125 0.03515625 0.0302734375
4 0.63232421875 0.73193359375 0.041015625 0.033203125
4 0.60595703125 0.68896484375 0.0791015625 0.06640625
4 0.66064453125 0.68701171875 0.029296875 0.060546875
4 0.68212890625 0.66748046875 0.025390625 0.02734375
4 0.6796875 0.69482421875 0.0126953125 0.0234375
4 0.64794921875 0.626953125 0.08203125 0.056640625
4 0.56640625 0.6396484375 0.0234375 0.025390625
4 0.59765625 0.63037109375 0.03125 0.0185546875
4 0.5859375 0.6103515625 0.02734375 0.017578125
4 0.57373046875 0.61083984375 0.017578125 0.021484375
4 0.6708984375 0.591796875 0.033203125 0.01953125
4 0.40087890625 0.19677734375 0.044921875 0.0703125