42 0.55224609375 0.7734375 0.4375 0.220703125
41 0.61767578125 0.82470703125 0.33984375 0.330078125
11 0.54248046875 0.81298828125 0.48828125 0.353515625
39 0.79541015625 0.6357421875 0.09765625 0.107421875
11 0.5703125 0.16650390625 0.439453125 0.3310546875
41 0.62353515625 0.14892578125 0.33203125 0.294921875
42 0.67138671875 0.1220703125 0.201171875 0.2421875
39 0.15380859375 0.31640625 0.16015625 0.080078125
39 0.04443359375 0.5537109375 0.087890625 0.283203125
39 0.43994140625 0.9541015625 0.1435546875 0.08984375
33 0.5302734375 0.56396484375 0.3857421875 0.177734375