2 0.68896484375 0.5048828125 0.048828125 0.078125
6 0.62255859375 0.412109375 0.00390625 0.029296875
6 0.68505859375 0.60888671875 0.0107421875 0.029296875
6 0.794921875 0.455078125 0.0068359375 0.03515625
39 0.74169921875 0.42529296875 0.05859375 0.1103515625
39 0.56298828125 0.453125 0.005859375 0.0146484375
25 0.46240234375 0.36767578125 0.0078125 0.021484375
6 0.26318359375 0.40576171875 0.00390625 0.01171875
6 0.89892578125 0.40673828125 0.015625 0.009765625
6 0.87255859375 0.931640625 0.01953125 0.021484375
6 0.95166015625 0.7724609375 0.0166015625 0.021484375
6 0.62744140625 0.16650390625 0.005859375 0.02734375
57 0.38525390625 0.3291015625 0.0087890625 0.013671875
6 0.365234375 0.65576171875 0.0078125 0.0146484375
57 0.80517578125 0.86962890625 0.01171875 0.01953125