30 0.58837890625 0.44287109375 0.248046875 0.140625
38 0.49072265625 0.482421875 0.0556640625 0.0390625
19 0.197265625 0.2490234375 0.39453125 0.248046875
2 0.25439453125 0.447265625 0.03125 0.01953125
57 0.1796875 0.5087890625 0.0244140625 0.017578125
7 0.1572265625 0.4130859375 0.24609375 0.08203125
7 0.0322265625 0.36376953125 0.064453125 0.0361328125
38 0.05322265625 0.37353515625 0.0234375 0.01953125
7 0.0263671875 0.60595703125 0.05078125 0.259765625
10 0.06494140625 0.62548828125 0.06640625 0.140625
25 0.37744140625 0.630859375 0.017578125 0.0126953125
41 0.08642578125 0.53955078125 0.0810546875 0.0537109375
29 0.0390625 0.1552734375 0.078125 0.046875