11 0.7431640625 0.81982421875 0.017578125 0.025390625
11 0.556640625 0.26904296875 0.01953125 0.02734375
39 0.04052734375 0.46435546875 0.080078125 0.1025390625
27 0.013671875 0.51513671875 0.02734375 0.0625
6 0.16748046875 0.345703125 0.00390625 0.013671875
6 0.15869140625 0.3642578125 0.005859375 0.0146484375
6 0.1513671875 0.36669921875 0.0078125 0.0146484375
6 0.1484375 0.37060546875 0.0048828125 0.0107421875
6 0.15283203125 0.3994140625 0.009765625 0.0146484375
6 0.2177734375 0.3759765625 0.009765625 0.01171875
6 0.25830078125 0.37548828125 0.0078125 0.017578125
6 0.28173828125 0.2685546875 0.01171875 0.0107421875
6 0.4814453125 0.251953125 0.009765625 0.00390625
6 0.0224609375 0.78125 0.005859375 0.017578125
6 0.25146484375 0.3671875 0.005859375 0.0087890625