12 0.5048828125 0.49267578125 0.0234375 0.1015625
45 0.50390625 0.4580078125 0.0078125 0.021484375
54 0.56982421875 0.57861328125 0.0234375 0.052734375
6 0.529296875 0.62451171875 0.0078125 0.03515625
6 0.513671875 0.48828125 0.0078125 0.0234375
6 0.51318359375 0.5009765625 0.0068359375 0.015625
6 0.5166015625 0.5263671875 0.0029296875 0.017578125
6 0.46337890625 0.37109375 0.0078125 0.0224609375
6 0.49169921875 0.3857421875 0.009765625 0.0107421875
27 0.48486328125 0.3701171875 0.013671875 0.037109375
27 0.4873046875 0.2841796875 0.0126953125 0.037109375
6 0.44677734375 0.25537109375 0.01171875 0.013671875
6 0.451171875 0.29833984375 0.0107421875 0.0205078125
6 0.38720703125 0.1396484375 0.01171875 0.0205078125
6 0.35791015625 0.06494140625 0.0107421875 0.013671875
6 0.4345703125 0.17431640625 0.0078125 0.03125
39 0.400390625 0.1103515625 0.0869140625 0.14453125