39 0.85302734375 0.31005859375 0.140625 0.13671875
39 0.619140625 0.4443359375 0.0859375 0.076171875
39 0.455078125 0.40966796875 0.072265625 0.064453125
39 0.2607421875 0.67041015625 0.052734375 0.0693359375
39 0.20166015625 0.72705078125 0.068359375 0.080078125
39 0.89306640625 0.96435546875 0.13671875 0.0673828125
39 0.36767578125 0.27978515625 0.048828125 0.0361328125
39 0.26171875 0.5693359375 0.05078125 0.05078125
41 0.40478515625 0.0537109375 0.025390625 0.03125
29 0.3515625 0.02783203125 0.013671875 0.0126953125
39 0.224609375 0.29833984375 0.048828125 0.05078125
39 0.341796875 0.7880859375 0.0234375 0.0625