20 0.833984375 0.2265625 0.2333984375 0.0390625
9 0.75146484375 0.23974609375 0.111328125 0.060546875
25 0.4658203125 0.36572265625 0.0419921875 0.037109375
25 0.3876953125 0.41845703125 0.05078125 0.04296875
21 0.451171875 0.51220703125 0.2890625 0.0732421875
21 0.65673828125 0.51318359375 0.138671875 0.05859375
20 0.58642578125 0.60986328125 0.29296875 0.0546875
21 0.68701171875 0.6142578125 0.1591796875 0.048828125
20 0.7177734375 0.6728515625 0.396484375 0.052734375
20 0.51904296875 0.70556640625 0.33984375 0.0654296875
54 0.6376953125 0.462890625 0.177734375 0.0576171875
39 0.87060546875 0.39794921875 0.2568359375 0.0927734375
54 0.666015625 0.75390625 0.0615234375 0.041015625
54 0.59228515625 0.76611328125 0.0546875 0.064453125