6 0.12646484375 0.34765625 0.013671875 0.02734375
6 0.166015625 0.32763671875 0.01171875 0.017578125
6 0.234375 0.39404296875 0.0146484375 0.0126953125
6 0.26708984375 0.40234375 0.015625 0.0244140625
6 0.32861328125 0.515625 0.017578125 0.029296875
35 0.39208984375 0.5068359375 0.0517578125 0.1005859375
35 0.38671875 0.54931640625 0.044921875 0.033203125
6 0.44140625 0.474609375 0.01953125 0.01171875
6 0.5888671875 0.60791015625 0.0107421875 0.044921875
6 0.6435546875 0.54248046875 0.0224609375 0.0703125
6 0.7158203125 0.87255859375 0.0302734375 0.041015625
6 0.4384765625 0.2705078125 0.0166015625 0.021484375
6 0.388671875 0.2451171875 0.01171875 0.029296875
57 0.55322265625 0.458984375 0.013671875 0.0419921875
57 0.48974609375 0.4912109375 0.013671875 0.0439453125
35 0.68310546875 0.5830078125 0.080078125 0.138671875
6 0.7431640625 0.70654296875 0.02734375 0.0927734375
58 0.8974609375 0.9580078125 0.01953125 0.0703125
57 0.63916015625 0.6181640625 0.025390625 0.025390625
6 0.9833984375 0.6943359375 0.03125 0.064453125
57 0.91357421875 0.685546875 0.0244140625 0.03515625
57 0.6005859375 0.54248046875 0.015625 0.03515625
57 0.10791015625 0.2841796875 0.00390625 0.0234375
57 0.98974609375 0.6396484375 0.0185546875 0.0517578125