19 0.01953125 0.927734375 0.0390625 0.142578125
7 0.45458984375 0.322265625 0.0205078125 0.0439453125
6 0.478515625 0.19677734375 0.0048828125 0.0107421875
29 0.52392578125 0.779296875 0.005859375 0.0126953125
29 0.47314453125 0.373046875 0.005859375 0.0078125
6 0.5419921875 0.24609375 0.009765625 0.0126953125
57 0.556640625 0.07861328125 0.0078125 0.0087890625
27 0.43359375 0.267578125 0.015625 0.0087890625
27 0.41357421875 0.5458984375 0.0205078125 0.01953125
57 0.42529296875 0.53173828125 0.01171875 0.01953125
6 0.42578125 0.7548828125 0.02734375 0.017578125
6 0.50732421875 0.8642578125 0.005859375 0.0107421875
29 0.43896484375 0.9423828125 0.0166015625 0.015625
6 0.53515625 0.3798828125 0.0078125 0.009765625
57 0.56591796875 0.18701171875 0.01171875 0.017578125
31 0.4658203125 0.13525390625 0.017578125 0.0361328125
57 0.42919921875 0.14453125 0.017578125 0.03515625
57 0.46435546875 0.07861328125 0.0078125 0.01171875
57 0.50732421875 0.07958984375 0.01171875 0.0234375
57 0.42626953125 0.31396484375 0.0078125 0.015625
4 0.474609375 0.47607421875 0.005859375 0.0078125
57 0.43603515625 0.51220703125 0.0078125 0.0107421875