33 0.16748046875 0.95703125 0.013671875 0.0322265625
33 0.1845703125 0.9326171875 0.021484375 0.0615234375
33 0.21826171875 0.8564453125 0.029296875 0.0400390625
39 0.2412109375 0.82373046875 0.060546875 0.068359375
33 0.39208984375 0.67138671875 0.033203125 0.0498046875
33 0.46240234375 0.650390625 0.0654296875 0.0654296875
33 0.4345703125 0.603515625 0.0546875 0.111328125
33 0.43896484375 0.66552734375 0.03515625 0.07421875
33 0.474609375 0.47265625 0.0673828125 0.095703125
33 0.40087890625 0.44677734375 0.044921875 0.087890625
39 0.36083984375 0.439453125 0.060546875 0.0703125
39 0.4033203125 0.3359375 0.103515625 0.1552734375
39 0.6181640625 0.234375 0.087890625 0.123046875
39 0.55810546875 0.2353515625 0.048828125 0.08203125
39 0.6728515625 0.3115234375 0.0703125 0.0751953125
39 0.69921875 0.529296875 0.091796875 0.13671875
39 0.60205078125 0.5263671875 0.16015625 0.189453125
39 0.498046875 0.5615234375 0.0625 0.046875
39 0.5341796875 0.6318359375 0.0517578125 0.05859375
57 0.45556640625 0.52685546875 0.03515625 0.044921875
9 0.68359375 0.39990234375 0.091796875 0.119140625
9 0.654296875 0.39892578125 0.0556640625 0.109375
33 0.7841796875 0.541015625 0.060546875 0.119140625
33 0.615234375 0.4365234375 0.06640625 0.0732421875
33 0.60498046875 0.484375 0.0771484375 0.0810546875
33 0.59375 0.35546875 0.060546875 0.115234375
33 0.69921875 0.177734375 0.0576171875 0.064453125
39 0.78369140625 0.25048828125 0.037109375 0.068359375
33 0.806640625 0.28857421875 0.060546875 0.0654296875
33 0.75146484375 0.42822265625 0.099609375 0.15625
30 0.51416015625 0.19287109375 0.0703125 0.0595703125
33 0.47900390625 0.2685546875 0.029296875 0.083984375
33 0.32666015625 0.2548828125 0.0224609375 0.048828125
33 0.92236328125 0.17333984375 0.029296875 0.0380859375
33 0.62255859375 0.5185546875 0.046875 0.04296875
33 0.5322265625 0.36474609375 0.0224609375 0.029296875
33 0.5634765625 0.3271484375 0.02734375 0.02734375
33 0.59423828125 0.29638671875 0.02734375 0.0283203125