12 0.50732421875 0.4951171875 0.1015625 0.0234375
45 0.5419921875 0.49609375 0.021484375 0.0078125
54 0.42138671875 0.43017578125 0.052734375 0.0234375
6 0.37548828125 0.470703125 0.03515625 0.0078125
6 0.51171875 0.486328125 0.0234375 0.0078125
6 0.4990234375 0.48681640625 0.015625 0.0068359375
6 0.4736328125 0.4833984375 0.017578125 0.0029296875
6 0.62890625 0.53662109375 0.0224609375 0.0078125
6 0.6142578125 0.50830078125 0.0107421875 0.009765625
27 0.6298828125 0.51513671875 0.037109375 0.013671875
27 0.7158203125 0.5126953125 0.037109375 0.0126953125
6 0.74462890625 0.55322265625 0.013671875 0.01171875
6 0.70166015625 0.548828125 0.0205078125 0.0107421875
6 0.8603515625 0.61279296875 0.0205078125 0.01171875
6 0.93505859375 0.64208984375 0.013671875 0.0107421875
6 0.82568359375 0.5654296875 0.03125 0.0078125
39 0.8896484375 0.599609375 0.14453125 0.0869140625