7 0.90185546875 0.19580078125 0.0419921875 0.0517578125
7 0.78369140625 0.48193359375 0.0283203125 0.025390625
6 0.65380859375 0.16064453125 0.005859375 0.00390625
6 0.68994140625 0.2314453125 0.005859375 0.0078125
6 0.7001953125 0.21435546875 0.00390625 0.0078125
6 0.7021484375 0.240234375 0.005859375 0.0048828125
6 0.72998046875 0.2109375 0.00390625 0.0078125
6 0.75537109375 0.212890625 0.001953125 0.009765625
6 0.7490234375 0.26416015625 0.00390625 0.0078125
6 0.79150390625 0.193359375 0.00390625 0.0068359375
6 0.72802734375 0.3310546875 0.005859375 0.00390625
6 0.716796875 0.34033203125 0.00390625 0.01171875
6 0.73388671875 0.4130859375 0.00390625 0.0078125
6 0.77587890625 0.47265625 0.005859375 0.0029296875
6 0.80126953125 0.38427734375 0.00390625 0.0048828125
6 0.720703125 0.529296875 0.00390625 0.0078125
6 0.7470703125 0.53515625 0.005859375 0.0068359375
6 0.6708984375 0.38525390625 0.0048828125 0.0048828125
6 0.67236328125 0.39013671875 0.005859375 0.005859375
6 0.64208984375 0.50390625 0.001953125 0.005859375
6 0.54052734375 0.56787109375 0.005859375 0.005859375
6 0.505859375 0.8486328125 0.0078125 0.009765625
6 0.25244140625 0.873046875 0.013671875 0.0087890625
6 0.22998046875 0.8974609375 0.0107421875 0.0126953125
6 0.2568359375 0.796875 0.0087890625 0.009765625
6 0.56640625 0.35595703125 0.005859375 0.009765625
6 0.5986328125 0.1669921875 0.009765625 0.009765625
6 0.15185546875 0.5703125 0.015625 0.009765625
6 0.89697265625 0.25927734375 0.00390625 0.0078125
6 0.89404296875 0.0478515625 0.0029296875 0.005859375