24 0.44677734375 0.5419921875 0.1728515625 0.220703125
7 0.78271484375 0.27978515625 0.2138671875 0.134765625
38 0.68603515625 0.232421875 0.01953125 0.0390625
12 0.23193359375 0.353515625 0.140625 0.0869140625
10 0.04345703125 0.1220703125 0.0859375 0.12109375
27 0.193359375 0.39892578125 0.126953125 0.107421875
57 0.14404296875 0.3427734375 0.0400390625 0.0341796875
57 0.12548828125 0.0703125 0.03125 0.046875
6 0.8408203125 0.21142578125 0.02734375 0.017578125
6 0.71923828125 0.14501953125 0.01171875 0.0078125
6 0.9140625 0.0400390625 0.01953125 0.01171875
6 0.77685546875 0.64404296875 0.017578125 0.013671875