24 0.5419921875 0.55322265625 0.220703125 0.1728515625
7 0.27978515625 0.21728515625 0.134765625 0.2138671875
38 0.232421875 0.31396484375 0.0390625 0.01953125
12 0.353515625 0.76806640625 0.0869140625 0.140625
10 0.12255859375 0.9560546875 0.1220703125 0.0859375
27 0.39892578125 0.806640625 0.107421875 0.126953125
57 0.3427734375 0.85595703125 0.0341796875 0.0400390625
57 0.0703125 0.87451171875 0.046875 0.03125
6 0.21142578125 0.1591796875 0.017578125 0.02734375
6 0.14501953125 0.28076171875 0.0078125 0.01171875
6 0.0400390625 0.0859375 0.01171875 0.01953125
6 0.64404296875 0.22314453125 0.013671875 0.017578125