7 0.63037109375 0.12890625 0.1015625 0.0625
7 0.57958984375 0.59912109375 0.099609375 0.052734375
12 0.5830078125 0.65673828125 0.0390625 0.0849609375
25 0.62548828125 0.568359375 0.0107421875 0.01171875
25 0.6279296875 0.5068359375 0.01171875 0.01171875
38 0.669921875 0.5419921875 0.013671875 0.013671875
38 0.62353515625 0.58349609375 0.01171875 0.0205078125
25 0.6220703125 0.50048828125 0.0107421875 0.01171875
43 0.72802734375 0.10107421875 0.0166015625 0.017578125
27 0.53955078125 0.88818359375 0.1142578125 0.2216796875
33 0.53369140625 0.62109375 0.0185546875 0.0361328125
57 0.7607421875 0.056640625 0.01953125 0.029296875
57 0.7216796875 0.0166015625 0.005859375 0.03125
57 0.71875 0.240234375 0.017578125 0.01171875
29 0.6650390625 0.57080078125 0.01171875 0.01171875
57 0.7265625 0.36376953125 0.01171875 0.01171875
6 0.70263671875 0.89794921875 0.021484375 0.005859375