7 0.494140625 0.35009765625 0.021484375 0.09765625
7 0.62158203125 0.6064453125 0.0234375 0.0576171875
7 0.67919921875 0.53759765625 0.01171875 0.0185546875
20 0.59765625 0.32373046875 0.0283203125 0.017578125
13 0.53125 0.35302734375 0.0234375 0.0625
57 0.52685546875 0.03271484375 0.01171875 0.0244140625
57 0.5322265625 0.4052734375 0.009765625 0.017578125
57 0.5576171875 0.46484375 0.0068359375 0.0126953125
57 0.80224609375 0.89404296875 0.0068359375 0.021484375
57 0.7294921875 0.37060546875 0.00390625 0.009765625
35 0.53515625 0.634765625 0.0185546875 0.0283203125
33 0.55615234375 0.451171875 0.009765625 0.017578125
12 0.7197265625 0.58544921875 0.0107421875 0.009765625