30 4
5516 39084 28162 25165
7867 20358 43015 46291
20018 24819 39282 24523
31175 8058 30206 40034
49449 34447 44217 5363
27047 49968 23485 30090
42937 42414 9249 19314
4696 47517 6873 20843
43777 22133 36115 48390
40892 18049 34562 20644
30744 2528 44716 18563
47830 34171 27685 25703
37518 15196 8959 28969
19132 3731 24229 19597
253 32205 45728 46728
3964 40434 32056 38411
33253 44510 6963 17388
9285 25059 35054 1493
32783 30995 24884 41011
30212 7325 2419 7850
9002 18144 10325 13862
8522 48367 1054 48153
46025 30332 4203 35737
19275 3840 11100 32372
40100 30743 32107 32913
35552 47656 44584 33045
15924 2912 12007 46721
21332 36330 17194 44160
21071 22897 15104 37746
2487 13968 23194 5666
