16 30
38732 11247 7718 45746 7715 6572 7621 17834 12023 2473 34073 10579 6836 25281 8375 16170 19001 26258 9479 30084 17010 40868 17234 1696 35911 22711 28921 1342 34496 38832
32679 21804 24607 25623 33904 44687 24904 17049 43222 14659 3942 19396 47128 27028 39897 19276 44885 46602 36781 24106 47776 38332 49509 46767 49306 2679 32631 8682 37437 21202
40101 48018 32470 30296 15908 32222 46644 3597 27930 36643 24063 35986 9825 13416 32043 34670 38351 37365 37455 35324 35900 28114 14188 23734 641 10143 40300 5945 29091 35005
5959 32350 8448 2412 15774 43704 18564 29427 31601 19542 45863 29458 14424 21945 24076 25298 36398 40142 29123 32910 46653 3910 17987 15181 36959 46246 13932 17369 15822 8264
2896 8459 12142 41811 18414 15144 41984 27746 4905 47651 34596 40367 11682 29131 26235 948 32504 2839 42924 25858 18041 3806 5699 37220 1080 44236 4483 16603 36813 24345
49133 44689 23062 42857 18797 32393 27781 43873 43150 11419 13672 49339 11601 14698 12270 38831 19086 39690 12323 867 19512 14 39841 42478 20473 33390 19620 6239 15315 46324
20618 6505 11147 38553 3 9042 23891 12683 23236 40790 23977 37004 10 28968 28751 41945 38417 31256 220 43143 32157 31242 19206 46592 8163 35883 19507 3840 24456 24184
28166 47705 20592 8815 20439 1470 35549 34891 10549 17049 20375 2616 11827 10059 35470 13046 12331 22294 34818 48637 24541 4563 2033 12852 30210 25349 15556 15508 3991 23273
32842 3092 11900 33828 45884 45770 43239 33340 22927 5306 47051 5643 13698 20608 6719 49427 8009 10110 48788 6718 75 2734 44604 5487 23385 21621 25881 21825 33474 7374
47773 29669 28439 30019 45541 18553 9548 1396 43431 22337 46777 12228 36832 14395 26612 30549 31328 37230 21993 10733 34719 46968 36700 24841 10622 15735 39055 40501 14733 47344
12274 32032 47354 24292 11313 24049 18266 16523 28548 29253 32557 44921 33141 4624 18486 5019 11430 12755 30984 18872 48191 37514 26883 45577 1104 15782 20467 43404 33289 9475
40438 39008 31227 4561 21894 21687 47941 36301 29410 43161 23750 2428 19815 15832 49470 38494 15760 15007 49372 42074 23674 3038 23779 45086 42193 5857 3610 45912 19664 34875
31739 25560 31821 9701 48503 34576 13207 49680 21198 49922 38464 14672 19929 13545 12059 38092 4618 26869 37561 7635 562 37884 41 11696 2340 20112 7716 31908 8444 5116
1396 24810 1466 42803 2866 48092 1179 26221 35767 49378 30373 30090 15075 48043 45765 24755 13801 3001 48852 39810 27949 21961 4035 14095 23386 30093 3864 31289 10679 28603
33741 2814 6501 36153 934 22279 2714 18623 5244 28172 26698 25169 41158 24019 39048 11039 33845 17741 27206 40146 23837 4412 16142 22820 27728 29149 29664 6758 14746 29342
48464 1601 1540 17954 23475 30128 30017 32101 15658 11527 5588 33635 45787 44723 35650 10948 341 22211 20661 43717 2098 17389 12649 4799 16513 832 18484 36018 27487 3501
