9 50
11296 26788 30790 34316 35994 9467 38928 42606 34923 38904 47125 23973 20192 39982 39025 30225 6247 49473 8673 20046 16340 20239 40929 7961 11696 38972 9513 1424 11367 47289 41894 22145 33210 18555 12745 20230 48993 5253 40179 2249 9074 34257 21487 6800 4628 39847 7603 23687 47896 36815
27997 15290 13407 48504 40235 11227 45683 17115 40915 9903 1331 36146 37196 33036 6065 7274 40640 41750 19556 36568 7595 35348 13635 47332 12820 16326 31785 49451 5590 17757 10405 17577 9980 1615 4804 42993 43570 49138 25406 36499 41263 26827 2128 22177 33460 24182 7397 24359 40298 21744
30784 12657 6160 10571 10708 32392 11206 46709 41206 10267 9103 36771 34201 37628 2714 13222 30270 46158 31933 20443 13362 3342 10402 45185 47442 17561 10320 37497 15520 5132 7074 30740 4055 34175 7892 31748 38179 22612 1257 14763 35716 30176 26290 15217 10486 46742 23818 31964 17826 41855
43356 9048 47826 2771 42713 30617 34239 878 29441 25049 9528 38820 5855 36918 49035 43180 41835 37860 9711 30070 12117 9961 31424 33462 47330 47745 31249 48599 10444 37351 33775 5345 22901 34015 42854 48818 27104 21425 22766 17120 34516 49065 19299 18555 21060 6117 13662 23137 44067 3046
14755 45752 17463 44431 7716 10819 44434 39157 39254 785 19276 6549 32701 3299 22661 49559 38282 34419 47018 28565 36555 27680 1271 31925 25489 41379 6635 1833 34164 48919 7698 36604 18536 39548 35501 2956 7264 19345 21843 4412 28052 14794 26528 14383 7468 43792 1760 45055 49731 31421
30426 35648 12413 10359 37466 6167 9539 8236 36064 35218 35046 36804 32869 32984 12065 10255 28968 42977 36019 32544 15832 18628 41973 6025 27947 33332 39223 26303 26357 45034 18600 40574 49833 48944 433 9367 32888 14487 3670 23980 2354 15077 29094 44476 26749 21795 12132 35580 5134 44590
13212 40327 44705 17076 26126 43785 38809 33531 47394 41721 19636 9180 12070 41535 22272 47375 13989 35317 9357 9733 40882 47369 18052 47875 17376 21025 3544 17801 11310 22130 15801 10546 21356 49011 8796 45185 26405 1282 43923 32770 39688 22338 11817 32338 23106 42866 9311 32522 29734 15229
20725 4912 4958 41068 15229 37731 39242 6948 34487 20922 27952 5422 7299 16257 6247 31320 40474 8538 39483 5637 47628 46500 12096 41857 40150 44506 20450 32038 17046 28625 37602 42530 2874 23189 30464 21647 45492 36423 22323 34150 47843 16237 6191 49881 20492 9787 26960 26383 4136 22878
12814 37873 23794 37823 48890 15381 48915 10838 48628 25426 46108 32575 40812 27052 23719 47881 2744 9584 29976 43381 32530 25939 28908 23977 15945 48832 40774 11857 5852 39736 46213 14102 44637 32920 15825 17501 22621 49425 39425 31646 27944 18312 41654 13921 5859 45035 33204 22462 7925 29263
