50 50
40483 9179 9420 32701 13464 21414 6006 36600 7279 9511 28654 45935 10954 45442 8921 14578 11750 42548 36226 40582 42255 12885 3886 43267 183 38079 22795 28440 8844 43549 1926 37843 48757 28453 7420 41419 3369 16184 24443 43503 24371 2769 8551 36514 34542 43009 25777 48257 48621 26706
43152 41416 5169 9835 43890 36346 14877 27969 3945 40740 43307 31841 29172 32285 8510 47364 14788 2880 36533 24950 1379 35531 30222 5495 14159 47493 19354 42844 34689 45776 22516 35097 16791 3597 13730 29603 20881 28865 49285 28973 3406 8311 22730 37963 10653 23340 28527 3575 38597 46206
27303 13207 33050 37605 18184 28206 16810 29279 36186 42672 43022 37721 5108 19836 36483 17572 38930 20888 47110 25824 47150 3558 2275 30392 12051 30341 7251 9171 18371 38661 5451 48170 28311 37859 22719 9800 7393 10324 32367 4939 19114 6620 40176 14830 18853 36949 1097 21446 40038 23796
41856 17378 27995 43103 26181 28875 39488 43808 11880 48098 38389 48096 11488 33205 30469 47215 30684 47352 42766 20178 21223 20194 15494 15226 47579 28004 36987 46366 29037 978 14607 19841 31434 28837 37130 17888 45282 48309 46536 29602 49486 8594 49706 31265 22376 23401 12970 30990 24273 30648
44997 5003 38304 43422 35967 15432 18693 38295 33526 11922 8235 39587 48471 31940 49186 20670 45640 27102 24270 5900 37974 5368 27044 19293 14229 41458 23313 38503 43289 20307 27845 25235 10566 40942 33068 15655 4449 20586 39009 16911 33269 1362 46157 18344 15745 24419 35487 38499 394 48839
22368 41512 31865 5160 33562 18981 44650 35870 19030 45911 27180 37694 22789 31815 11732 33040 49502 586 8145 10442 26051 45221 11797 36335 19797 15980 28825 3009 37743 13105 24045 40099 43331 17661 9547 29434 40079 6604 4437 25604 33788 10682 8680 47084 47529 36245 46537 15252 26125 34560
47535 31162 29373 14744 45471 42396 25683 8878 38389 14847 10391 10425 15021 36791 35441 19523 15646 45054 49665 41261 7844 25669 11380 45532 20109 3818 47516 9539 38801 438 45989 26580 36382 45313 30561 27161 11431 49006 29874 21083 33395 48478 14900 31551 47538 3726 41515 4927 8065 35291
47421 42209 19902 4979 15130 10827 32066 4644 25234 7870 38129 30365 36674 8304 1730 31867 43231 44306 37603 39533 17959 24290 41084 33851 19769 12731 21586 34625 48902 4362 7989 49820 479 38861 6426 36355 27893 14597 3429 37715 40200 22564 19904 25705 20293 34049 33908 36205 13032 38169
2690 1252 45059 37855 26976 42322 530 25371 12942 2113 39479 20972 49885 4725 8005 20785 34013 46525 2054 12522 31363 32589 8959 30104 35294 36038 13492 30784 36521 20112 17643 40898 36181 25343 35825 28788 44875 36653 39746 26032 23163 7723 39656 30554 31500 32495 1192 37708 20036 16121
9534 7942 1309 10232 5090 42128 11243 39847 27447 48139 26458 11780 16776 44797 18341 6893 34442 11755 36863 21013 27008 6431 29587 31892 20375 31565 13862 32025 43269 49510 32657 29686 41780 1851 36994 33017 9202 5433 482 44525 17862 8396 33888 5809 2171 2324 30219 44895 4623 49082
33306 40979 8942 43444 35331 33965 47109 45117 21285 18616 29490 26230 40812 25662 9771 42901 419 4720 8935 1971 31520 36368 34977 6497 2262 13203 47604 26098 3644 42248 29616 743 2849 33529 39205 49098 19296 2193 29860 14978 41358 23977 37145 48062 14223 46405 44022 27398 41876 20528
48962 48851 8646 30582 23560 10038 38314 11372 8875 38888 21229 5756 12197 24379 2422 27053 28482 20580 36165 3732 23163 7573 24953 46222 25555 5355 23392 38170 44573 49307 49930 17029 30983 48335 11934 21276 22913 9271 12054 44134 23824 23624 16365 46133 24674 25278 27232 41343 44494 40234
16398 34647 26086 11983 36226 49870 36071 48618 39601 1124 30998 245 1431 22221 13734 37845 47237 31466 16867 17105 6780 21712 12315 23391 23226 27995 8886 6389 10769 37600 11988 25557 16240 19906 32225 39946 2611 15847 42076 38511 34915 39339 42403 19493 11510 5506 12980 39958 46188 13075
33785 19106 19067 20735 26248 41429 26766 19867 26205 18318 24806 18430 12748 29205 17717 13385 29708 25853 14825 41488 48983 45856 32179 10789 37424 43980 33579 27696 1518 12406 16203 46932 46562 23494 8771 34241 49553 41136 12722 44181 7533 9322 29393 27845 35585 38990 28634 47867 1196 26754
26867 40531 44236 1625 5019 27361 44229 8294 9329 41004 9177 48082 40482 42772 22622 11148 49032 21669 48188 46066 17612 27270 3303 25322 22864 1264 26342 27878 32580 35038 23881 22356 6014 43121 47314 46954 27845 4842 10517 44683 18738 39053 22814 25027 27999 39236 23923 35602 26268 8870
20146 39926 28733 49381 33480 9887 41836 15512 37894 3993 38923 15494 19484 15021 32828 45809 9722 33127 25844 12930 3519 33046 30059 6870 36320 6445 13517 3872 6953 23044 40182 38099 45453 16585 34166 44660 37559 4248 11203 38821 30147 10617 32813 8736 4258 29767 1148 11553 15001 21589
24988 25227 9995 939 49831 20891 616 40695 7575 33134 22732 22324 3753 18014 36159 30064 22772 1162 24568 47292 44145 30826 20038 26184 25182 13170 38990 14267 18100 19719 28720 33942 2028 19241 36239 23580 22869 48956 23657 11290 46496 2381 16808 4941 43249 23684 36353 44542 34192 10853
23065 25558 42118 42573 31536 14287 2741 6111 28995 38855 4086 16075 48480 1940 34498 26386 8074 23834 32274 310 20426 36901 42382 15882 29266 15057 48211 46583 22150 34352 8851 19597 31140 23245 44864 16511 45642 23676 27988 43777 24120 46516 42793 12798 3913 17498 710 31985 20856 22231
49428 25609 12937 21355 33118 6807 44717 19486 21465 44589 1699 33987 37954 27170 16413 22208 30402 36497 383 38255 39194 11293 18745 2892 31186 38471 6685 32685 29762 25264 39471 36951 33990 16910 30239 3636 32370 37236 42305 7698 29120 41989 15179 38094 13486 37251 16036 1957 15037 27793
40827 27085 416 22693 1778 46286 29513 38083 490 9724 1528 49357 48337 33833 33906 7679 8408 7882 29586 48154 45707 41824 563 29474 34803 1474 28215 7427 36694 39660 3351 7067 19062 44384 1493 20913 6662 37651 11303 23030 11054 21000 46669 1303 1401 26373 35398 22790 40555 43390
39993 9451 23128 6644 28466 14144 14809 39091 25689 49193 4599 10137 38211 32395 44217 29526 8044 27800 11368 10600 13367 21112 46135 49049 46622 32050 22147 25720 12973 28518 26818 4611 4599 19926 37308 9601 18777 19503 41474 26057 238 27946 15500 35870 761 3257 32445 7040 11468 44103
38402 21401 35797 26537 45521 36564 33608 46448 3584 40684 29418 32549 24370 21153 40199 7283 45515 30791 40730 35462 33099 47647 46974 12991 34672 36993 10430 10542 6934 36614 28948 49480 4795 48980 41964 49921 31032 36397 40629 3256 8255 27727 35801 33974 47415 7781 39361 28133 49550 22966
26838 18337 40022 49288 11788 27542 46924 31298 24926 36543 47904 13088 3444 2492 22117 44916 8522 18282 6521 11553 1467 15140 18235 40969 21470 23288 17184 14415 20440 17989 45745 11535 22895 40853 44610 36564 41355 48715 6594 34233 40239 4959 42603 16464 3702 40612 46464 33447 25409 25047
7869 35198 688 48671 35128 32186 14057 32396 11945 26133 27571 41278 24962 44564 37978 42139 11259 25218 33129 7534 37556 8902 40641 30898 35313 11894 24247 30213 28463 11466 45840 30050 2990 40648 23637 24325 30071 811 29473 34606 16994 13167 30669 41325 22596 42774 44443 27730 36401 41146
35346 38931 33210 16067 48683 20871 27345 49692 35386 16577 13276 48523 36312 9528 41831 21379 6439 16486 43731 43933 21912 44634 24659 30907 25431 40367 18573 49541 27929 19569 48496 20401 47024 31742 6488 14144 25200 22797 27045 15323 33204 23894 40594 36823 26605 6128 6365 31023 36004 3444
36308 6295 33849 18602 34299 19899 33336 39545 37350 30901 37357 6005 8034 9193 17960 28709 39859 9205 19306 26002 49786 29413 39572 5257 44639 41228 9779 28901 10601 33369 19 17395 37532 30300 46038 4038 2304 5843 1642 18906 47914 25544 34925 41792 7541 13889 48736 26482 35314 4980
18398 11216 17973 47741 2139 42669 4163 49258 42176 3304 579 2358 36958 44442 46664 6004 27515 39877 42097 49601 3391 37406 13784 44817 46118 48091 21570 1011 40711 25616 14383 2855 48155 576 11045 11242 44339 47034 42455 21085 43418 21202 4368 22094 36069 24592 32497 21122 35601 6458
24128 47183 37406 32902 43012 22720 9697 12468 6707 47237 46029 30574 18124 1871 22532 7627 15470 46011 15381 8166 27327 39542 46410 40866 32070 36831 37386 1761 33355 11023 15893 25529 25884 29762 28288 22163 38179 15914 27710 38898 1569 39402 17612 49723 7125 48727 43772 37320 24748 13295
40261 44786 21128 10115 47336 36970 25817 982 31725 23770 7093 8733 2273 10243 31879 13665 26422 860 46398 3714 15479 47761 26804 24495 9166 45336 11509 37776 2395 36008 39410 9500 19754 4518 30738 10948 5663 598 9772 29119 10679 42346 31098 44936 16903 15159 33660 374 7975 43573
9312 38093 1614 25840 35091 9666 25178 33595 30928 11028 27204 41455 17017 16186 30416 13895 7565 42840 44140 39241 40132 45964 16626 13122 2287 47969 20225 36243 29805 26530 24893 3786 13099 43675 28003 26330 11141 12218 20913 34586 34564 8151 35283 32830 22164 72 24585 28355 47551 29247
48795 26791 5121 36399 42725 45639 37111 43826 10964 10865 25923 13927 4905 13891 38465 17746 49815 18828 21697 9609 2421 22302 11131 16468 31996 30708 26475 13032 30380 32243 41168 16281 18938 3550 24999 45463 32913 3341 21547 6159 26125 17806 34654 19519 1520 35187 10647 30247 35500 39340
15531 39457 26532 24643 18876 20958 10990 47071 8607 42095 1700 38808 23420 22710 17162 26229 2052 28350 31911 3583 11108 6277 40996 27249 25670 35412 44029 7874 49416 23773 16792 40276 23448 49533 856 23413 35577 4256 4192 35304 4245 9446 18228 40209 23842 39959 19338 17939 20604 409
35222 17623 30838 13142 19144 784 25674 38871 37504 1066 19070 13578 38704 40453 8283 47766 33787 4324 8541 46656 31811 40203 6111 22430 35426 7507 16500 32109 14621 18200 47003 37149 39128 20624 25309 43374 12419 41409 18400 42317 12797 12777 28443 37570 9529 25093 14904 2239 34497 6995
4608 26102 2337 47966 13952 23545 34537 40675 19991 35896 5446 32941 29632 24230 40694 41658 8627 11249 10952 43526 44614 43327 26546 19931 30897 6313 845 45829 20208 41196 12941 24950 10149 18201 12542 36201 34550 40446 22587 18585 47445 10714 7530 34493 48906 7473 37764 13702 14429 28700
43154 42944 2111 24633 11162 28356 24327 3031 47510 20694 33125 3032 29856 5617 31066 46214 47478 23919 31716 35944 32383 49022 6520 38614 49872 11594 17269 42853 28965 23641 45882 5315 25718 16880 45721 4126 24846 22788 1158 33601 47660 34132 44617 36301 46759 336 42793 31056 30477 21540
26295 8005 22512 18671 49409 24299 24747 19392 29198 46502 13706 12263 25685 48340 13619 33955 37301 34852 1575 16867 48348 26555 12714 36990 27673 49714 25948 14348 40293 41300 23156 30889 46162 39757 27343 43130 22833 45133 37720 29437 11200 44707 42176 24265 46069 12674 112 4196 45743 5010
1107 3141 47383 33086 17376 46523 37319 12134 30504 6803 38062 43177 25411 45196 26222 49476 7025 16896 18046 1133 7629 29687 21815 23911 15345 8248 18794 876 16736 29041 46968 37962 8985 3065 24282 27038 49627 46393 10607 2586 24287 40756 20129 570 25419 49099 8411 40600 47492 13379
20833 14975 16599 24505 1612 30717 34965 16723 25154 13160 33306 1326 23928 42220 36531 16999 49599 4914 10729 36665 16625 10247 21939 33169 40051 25024 49639 18642 41702 1721 10453 34892 11511 31990 10033 34663 23193 21880 3568 6103 15972 47395 7923 5301 16608 11454 20846 24208 38412 35876
15229 33814 6488 34453 38885 4908 20917 25734 12810 21274 32090 6588 33406 12653 14926 20163 46617 47336 41190 14313 24470 36710 11604 49107 36968 16618 22024 24493 24816 32865 336 11735 40952 20719 13346 34694 41329 30751 5349 9555 17955 15852 42608 14107 29623 6788 458 20139 48317 16107
42266 35086 1765 22770 1937 11478 5101 2336 44223 45319 37108 30050 39516 46965 29004 46667 2378 30617 46257 39375 5499 30999 6376 2639 43318 18337 38162 6330 32016 45218 380 10966 45118 21423 40331 32417 46388 25348 35268 20921 44281 23071 22166 31746 4625 28693 33774 27349 20794 2025
21436 13367 3050 42232 7656 23303 11313 48499 23860 29217 18042 31353 1337 18308 470 20706 45824 37692 23906 29211 38690 22245 40308 42046 20221 32847 38873 16702 22932 44864 47836 38881 35416 39223 49218 43076 39661 10918 30719 18962 27336 22293 11507 37160 12998 40934 41083 40474 24685 14539
32971 9218 14875 47586 7444 21694 47281 7148 29995 43435 27430 47715 44778 41297 7525 7338 14745 31011 8535 39968 42692 29260 14990 11308 9916 43904 10453 48052 31742 48420 34133 42812 41594 49178 1609 29627 27862 16625 45137 7354 10261 13984 41499 814 4922 19546 7876 12020 39913 1171
8708 26337 45418 14078 29004 921 5303 5510 32076 25276 19269 22393 32171 6268 37319 30552 24961 42461 40763 16603 31362 15076 6473 6106 22652 35480 3607 44059 7360 1480 34527 46352 22889 27321 44116 43259 37341 24694 34235 48562 29521 24626 32516 401 27582 42575 27220 32461 49280 1582
42383 46549 49308 40830 39962 20208 41684 49435 48199 45418 27651 27837 27927 6997 22065 41620 1035 21800 33743 45096 27809 22293 17722 14528 32364 30609 29929 43300 37901 31682 27195 13895 35986 16538 18110 24037 26591 29355 32672 6806 28095 14364 41204 47114 18985 21213 15510 9338 35459 39859
37737 3503 11653 48599 24897 29817 11727 21332 49559 3922 15498 2645 49621 27710 31869 21805 32684 33028 26753 29268 42972 38134 14725 1796 21254 19240 26103 24760 775 11989 23697 22744 44628 20198 5928 22027 42544 21730 45552 41049 47597 23826 25681 17442 45748 32741 47361 42739 13727 15036
45376 38327 33222 40357 11550 18767 41820 8054 37214 1054 13696 22493 49094 30925 25504 44369 25326 9785 25441 7912 40813 18388 35952 6299 3648 45816 33051 10110 6818 44885 7717 46205 31915 47564 27343 26824 4061 36486 27699 31299 9781 31170 28385 5172 2023 10024 27235 4108 29067 1735
41649 22417 36519 42141 27313 8539 4128 5167 17287 32346 41634 28946 36914 31579 30359 20668 12535 27292 9783 36319 4472 10623 20802 43836 7239 15760 29893 40823 22470 6419 20905 10395 22509 15700 3707 11247 35151 41648 1384 10555 42493 13382 40229 30779 49358 5115 29227 43989 39282 37919
28270 9788 48500 21581 16804 15436 937 1393 37139 39257 9641 37209 49127 20939 12644 4626 45450 34812 23717 20634 39210 24692 40985 8560 48056 21398 18871 29673 11568 26526 21344 21274 41106 8573 36925 43637 13845 20014 48437 615 35230 6418 12960 11288 6547 41198 19958 22466 46847 32088
8044 14412 30926 7947 33364 14626 17599 6976 45058 47018 4966 49941 35769 6329 11909 44508 47670 10156 47514 29267 26978 43376 42666 28556 32423 22378 30514 1659 15637 18895 25031 32490 3946 45804 9389 18349 28510 19734 8373 28838 3301 27822 31534 18547 22881 38466 36328 39582 9440 8413
22932 12549 2082 1031 34978 27076 43802 43105 2905 5465 34147 9997 29166 25587 28020 41536 26988 11577 23585 3441 36926 13468 44768 21665 7915 9316 36288 29469 42041 25945 1722 29591 14751 36872 27552 36346 44728 8538 48655 24999 132 28418 23236 28261 40448 11104 47641 32242 5637 40973
